0 1 22 21 
1 2 23 22 
2 3 24 23 
3 4 25 24 
4 5 26 25 
5 6 27 26 
6 7 28 27 
7 8 29 28 
8 9 30 29 
9 10 31 30 
10 11 32 31 
11 12 33 32 
12 13 34 33 
13 14 35 34 
14 15 36 35 
15 16 37 36 
16 17 38 37 
17 18 39 38 
18 19 40 39 
19 20 41 40 
21 22 43 42 
22 23 44 43 
23 24 45 44 
24 25 46 45 
25 26 47 46 
26 27 48 47 
27 28 49 48 
28 29 50 49 
29 30 51 50 
30 31 52 51 
31 32 53 52 
32 33 54 53 
33 34 55 54 
34 35 56 55 
35 36 57 56 
36 37 58 57 
37 38 59 58 
38 39 60 59 
39 40 61 60 
40 41 62 61 
42 43 64 63 
43 44 65 64 
44 45 66 65 
45 46 67 66 
46 47 68 67 
47 48 69 68 
48 49 70 69 
49 50 71 70 
50 51 72 71 
51 52 73 72 
52 53 74 73 
53 54 75 74 
54 55 76 75 
55 56 77 76 
56 57 78 77 
57 58 79 78 
58 59 80 79 
59 60 81 80 
60 61 82 81 
61 62 83 82 
63 64 85 84 
64 65 86 85 
65 66 87 86 
66 67 88 87 
67 68 89 88 
68 69 90 89 
69 70 91 90 
70 71 92 91 
71 72 93 92 
72 73 94 93 
73 74 95 94 
74 75 96 95 
75 76 97 96 
76 77 98 97 
77 78 99 98 
78 79 100 99 
79 80 101 100 
80 81 102 101 
81 82 103 102 
82 83 104 103 
84 85 106 105 
85 86 107 106 
86 87 108 107 
87 88 109 108 
88 89 110 109 
89 90 111 110 
90 91 112 111 
91 92 113 112 
92 93 114 113 
93 94 115 114 
94 95 116 115 
95 96 117 116 
96 97 118 117 
97 98 119 118 
98 99 120 119 
99 100 121 120 
100 101 122 121 
101 102 123 122 
102 103 124 123 
103 104 125 124 
105 106 127 126 
106 107 128 127 
107 108 129 128 
108 109 130 129 
109 110 131 130 
110 111 132 131 
111 112 133 132 
112 113 134 133 
113 114 135 134 
114 115 136 135 
115 116 137 136 
116 117 138 137 
117 118 139 138 
118 119 140 139 
119 120 141 140 
120 121 142 141 
121 122 143 142 
122 123 144 143 
123 124 145 144 
124 125 146 145 
126 127 148 147 
127 128 149 148 
128 129 150 149 
129 130 151 150 
130 131 152 151 
131 132 153 152 
132 133 154 153 
133 134 155 154 
134 135 156 155 
135 136 157 156 
136 137 158 157 
137 138 159 158 
138 139 160 159 
139 140 161 160 
140 141 162 161 
141 142 163 162 
142 143 164 163 
143 144 165 164 
144 145 166 165 
145 146 167 166 
147 148 169 168 
148 149 170 169 
149 150 171 170 
150 151 172 171 
151 152 173 172 
152 153 174 173 
153 154 175 174 
154 155 176 175 
155 156 177 176 
156 157 178 177 
157 158 179 178 
158 159 180 179 
159 160 181 180 
160 161 182 181 
161 162 183 182 
162 163 184 183 
163 164 185 184 
164 165 186 185 
165 166 187 186 
166 167 188 187 
168 169 190 189 
169 170 191 190 
170 171 192 191 
171 172 193 192 
172 173 194 193 
173 174 195 194 
174 175 196 195 
175 176 197 196 
176 177 198 197 
177 178 199 198 
178 179 200 199 
179 180 201 200 
180 181 202 201 
181 182 203 202 
182 183 204 203 
183 184 205 204 
184 185 206 205 
185 186 207 206 
186 187 208 207 
187 188 209 208 
189 190 211 210 
190 191 212 211 
191 192 213 212 
192 193 214 213 
193 194 215 214 
194 195 216 215 
195 196 217 216 
196 197 218 217 
197 198 219 218 
198 199 220 219 
199 200 221 220 
200 201 222 221 
201 202 223 222 
202 203 224 223 
203 204 225 224 
204 205 226 225 
205 206 227 226 
206 207 228 227 
207 208 229 228 
208 209 230 229 
210 211 232 231 
211 212 233 232 
212 213 234 233 
213 214 235 234 
214 215 236 235 
215 216 237 236 
216 217 238 237 
217 218 239 238 
218 219 240 239 
219 220 241 240 
220 221 242 241 
221 222 243 242 
222 223 244 243 
223 224 245 244 
224 225 246 245 
225 226 247 246 
226 227 248 247 
227 228 249 248 
228 229 250 249 
229 230 251 250 
231 232 253 252 
232 233 254 253 
233 234 255 254 
234 235 256 255 
235 236 257 256 
236 237 258 257 
237 238 259 258 
238 239 260 259 
239 240 261 260 
240 241 262 261 
241 242 263 262 
242 243 264 263 
243 244 265 264 
244 245 266 265 
245 246 267 266 
246 247 268 267 
247 248 269 268 
248 249 270 269 
249 250 271 270 
250 251 272 271 
252 253 274 273 
253 254 275 274 
254 255 276 275 
255 256 277 276 
256 257 278 277 
257 258 279 278 
258 259 280 279 
259 260 281 280 
260 261 282 281 
261 262 283 282 
262 263 284 283 
263 264 285 284 
264 265 286 285 
265 266 287 286 
266 267 288 287 
267 268 289 288 
268 269 290 289 
269 270 291 290 
270 271 292 291 
271 272 293 292 
273 274 295 294 
274 275 296 295 
275 276 297 296 
276 277 298 297 
277 278 299 298 
278 279 300 299 
279 280 301 300 
280 281 302 301 
281 282 303 302 
282 283 304 303 
283 284 305 304 
284 285 306 305 
285 286 307 306 
286 287 308 307 
287 288 309 308 
288 289 310 309 
289 290 311 310 
290 291 312 311 
291 292 313 312 
292 293 314 313 
294 295 316 315 
295 296 317 316 
296 297 318 317 
297 298 319 318 
298 299 320 319 
299 300 321 320 
300 301 322 321 
301 302 323 322 
302 303 324 323 
303 304 325 324 
304 305 326 325 
305 306 327 326 
306 307 328 327 
307 308 329 328 
308 309 330 329 
309 310 331 330 
310 311 332 331 
311 312 333 332 
312 313 334 333 
313 314 335 334 
315 316 337 336 
316 317 338 337 
317 318 339 338 
318 319 340 339 
319 320 341 340 
320 321 342 341 
321 322 343 342 
322 323 344 343 
323 324 345 344 
324 325 346 345 
325 326 347 346 
326 327 348 347 
327 328 349 348 
328 329 350 349 
329 330 351 350 
330 331 352 351 
331 332 353 352 
332 333 354 353 
333 334 355 354 
334 335 356 355 
336 337 358 357 
337 338 359 358 
338 339 360 359 
339 340 361 360 
340 341 362 361 
341 342 363 362 
342 343 364 363 
343 344 365 364 
344 345 366 365 
345 346 367 366 
346 347 368 367 
347 348 369 368 
348 349 370 369 
349 350 371 370 
350 351 372 371 
351 352 373 372 
352 353 374 373 
353 354 375 374 
354 355 376 375 
355 356 377 376 
357 358 379 378 
358 359 380 379 
359 360 381 380 
360 361 382 381 
361 362 383 382 
362 363 384 383 
363 364 385 384 
364 365 386 385 
365 366 387 386 
366 367 388 387 
367 368 389 388 
368 369 390 389 
369 370 391 390 
370 371 392 391 
371 372 393 392 
372 373 394 393 
373 374 395 394 
374 375 396 395 
375 376 397 396 
376 377 398 397 
378 379 400 399 
379 380 401 400 
380 381 402 401 
381 382 403 402 
382 383 404 403 
383 384 405 404 
384 385 406 405 
385 386 407 406 
386 387 408 407 
387 388 409 408 
388 389 410 409 
389 390 411 410 
390 391 412 411 
391 392 413 412 
392 393 414 413 
393 394 415 414 
394 395 416 415 
395 396 417 416 
396 397 418 417 
397 398 419 418 
399 400 421 420 
400 401 422 421 
401 402 423 422 
402 403 424 423 
403 404 425 424 
404 405 426 425 
405 406 427 426 
406 407 428 427 
407 408 429 428 
408 409 430 429 
409 410 431 430 
410 411 432 431 
411 412 433 432 
412 413 434 433 
413 414 435 434 
414 415 436 435 
415 416 437 436 
416 417 438 437 
417 418 439 438 
418 419 440 439 
441 442 1 0 
442 443 2 1 
443 444 3 2 
444 445 4 3 
445 446 5 4 
446 447 6 5 
447 448 7 6 
448 449 8 7 
449 450 9 8 
450 451 10 9 
451 452 11 10 
452 453 12 11 
453 454 13 12 
454 455 14 13 
455 456 15 14 
456 457 16 15 
457 458 17 16 
458 459 18 17 
459 460 19 18 
460 461 20 19 
461 462 41 20 
462 463 62 41 
463 464 83 62 
464 465 104 83 
465 466 125 104 
466 467 146 125 
467 468 167 146 
468 469 188 167 
469 470 209 188 
470 471 230 209 
471 472 251 230 
472 473 272 251 
473 474 293 272 
474 475 314 293 
475 476 335 314 
476 477 356 335 
477 478 377 356 
478 479 398 377 
479 480 419 398 
480 481 440 419 
481 482 439 440 
482 483 438 439 
483 484 437 438 
484 485 436 437 
485 486 435 436 
486 487 434 435 
487 488 433 434 
488 489 432 433 
489 490 431 432 
490 491 430 431 
491 492 429 430 
492 493 428 429 
493 494 427 428 
494 495 426 427 
495 496 425 426 
496 497 424 425 
497 498 423 424 
498 499 422 423 
499 500 421 422 
500 501 420 421 
501 502 399 420 
502 503 378 399 
503 504 357 378 
504 505 336 357 
505 506 315 336 
506 507 294 315 
507 508 273 294 
508 509 252 273 
509 510 231 252 
510 511 210 231 
511 512 189 210 
512 513 168 189 
513 514 147 168 
514 515 126 147 
515 516 105 126 
516 517 84 105 
517 518 63 84 
518 519 42 63 
519 520 21 42 
520 441 0 21 
521 522 442 441 
522 523 443 442 
523 524 444 443 
524 525 445 444 
525 526 446 445 
526 527 447 446 
527 528 448 447 
528 529 449 448 
529 530 450 449 
530 531 451 450 
531 532 452 451 
532 533 453 452 
533 534 454 453 
534 535 455 454 
535 536 456 455 
536 537 457 456 
537 538 458 457 
538 539 459 458 
539 540 460 459 
540 541 461 460 
541 542 462 461 
542 543 463 462 
543 544 464 463 
544 545 465 464 
545 546 466 465 
546 547 467 466 
547 548 468 467 
548 549 469 468 
549 550 470 469 
550 551 471 470 
551 552 472 471 
552 553 473 472 
553 554 474 473 
554 555 475 474 
555 556 476 475 
556 557 477 476 
557 558 478 477 
558 559 479 478 
559 560 480 479 
560 561 481 480 
561 562 482 481 
562 563 483 482 
563 564 484 483 
564 565 485 484 
565 566 486 485 
566 567 487 486 
567 568 488 487 
568 569 489 488 
569 570 490 489 
570 571 491 490 
571 572 492 491 
572 573 493 492 
573 574 494 493 
574 575 495 494 
575 576 496 495 
576 577 497 496 
577 578 498 497 
578 579 499 498 
579 580 500 499 
580 581 501 500 
581 582 502 501 
582 583 503 502 
583 584 504 503 
584 585 505 504 
585 586 506 505 
586 587 507 506 
587 588 508 507 
588 589 509 508 
589 590 510 509 
590 591 511 510 
591 592 512 511 
592 593 513 512 
593 594 514 513 
594 595 515 514 
595 596 516 515 
596 597 517 516 
597 598 518 517 
598 599 519 518 
599 600 520 519 
600 521 441 520 
601 602 522 521 
602 603 523 522 
603 604 524 523 
604 605 525 524 
605 606 526 525 
606 607 527 526 
607 608 528 527 
608 609 529 528 
609 610 530 529 
610 611 531 530 
611 612 532 531 
612 613 533 532 
613 614 534 533 
614 615 535 534 
615 616 536 535 
616 617 537 536 
617 618 538 537 
618 619 539 538 
619 620 540 539 
620 621 541 540 
621 622 542 541 
622 623 543 542 
623 624 544 543 
624 625 545 544 
625 626 546 545 
626 627 547 546 
627 628 548 547 
628 629 549 548 
629 630 550 549 
630 631 551 550 
631 632 552 551 
632 633 553 552 
633 634 554 553 
634 635 555 554 
635 636 556 555 
636 637 557 556 
637 638 558 557 
638 639 559 558 
639 640 560 559 
640 641 561 560 
641 642 562 561 
642 643 563 562 
643 644 564 563 
644 645 565 564 
645 646 566 565 
646 647 567 566 
647 648 568 567 
648 649 569 568 
649 650 570 569 
650 651 571 570 
651 652 572 571 
652 653 573 572 
653 654 574 573 
654 655 575 574 
655 656 576 575 
656 657 577 576 
657 658 578 577 
658 659 579 578 
659 660 580 579 
660 661 581 580 
661 662 582 581 
662 663 583 582 
663 664 584 583 
664 665 585 584 
665 666 586 585 
666 667 587 586 
667 668 588 587 
668 669 589 588 
669 670 590 589 
670 671 591 590 
671 672 592 591 
672 673 593 592 
673 674 594 593 
674 675 595 594 
675 676 596 595 
676 677 597 596 
677 678 598 597 
678 679 599 598 
679 680 600 599 
680 601 521 600 
681 682 602 601 
682 683 603 602 
683 684 604 603 
684 685 605 604 
685 686 606 605 
686 687 607 606 
687 688 608 607 
688 689 609 608 
689 690 610 609 
690 691 611 610 
691 692 612 611 
692 693 613 612 
693 694 614 613 
694 695 615 614 
695 696 616 615 
696 697 617 616 
697 698 618 617 
698 699 619 618 
699 700 620 619 
700 701 621 620 
701 702 622 621 
702 703 623 622 
703 704 624 623 
704 705 625 624 
705 706 626 625 
706 707 627 626 
707 708 628 627 
708 709 629 628 
709 710 630 629 
710 711 631 630 
711 712 632 631 
712 713 633 632 
713 714 634 633 
714 715 635 634 
715 716 636 635 
716 717 637 636 
717 718 638 637 
718 719 639 638 
719 720 640 639 
720 721 641 640 
721 722 642 641 
722 723 643 642 
723 724 644 643 
724 725 645 644 
725 726 646 645 
726 727 647 646 
727 728 648 647 
728 729 649 648 
729 730 650 649 
730 731 651 650 
731 732 652 651 
732 733 653 652 
733 734 654 653 
734 735 655 654 
735 736 656 655 
736 737 657 656 
737 738 658 657 
738 739 659 658 
739 740 660 659 
740 741 661 660 
741 742 662 661 
742 743 663 662 
743 744 664 663 
744 745 665 664 
745 746 666 665 
746 747 667 666 
747 748 668 667 
748 749 669 668 
749 750 670 669 
750 751 671 670 
751 752 672 671 
752 753 673 672 
753 754 674 673 
754 755 675 674 
755 756 676 675 
756 757 677 676 
757 758 678 677 
758 759 679 678 
759 760 680 679 
760 681 601 680 
761 762 682 681 
762 763 683 682 
763 764 684 683 
764 765 685 684 
765 766 686 685 
766 767 687 686 
767 768 688 687 
768 769 689 688 
769 770 690 689 
770 771 691 690 
771 772 692 691 
772 773 693 692 
773 774 694 693 
774 775 695 694 
775 776 696 695 
776 777 697 696 
777 778 698 697 
778 779 699 698 
779 780 700 699 
780 781 701 700 
781 782 702 701 
782 783 703 702 
783 784 704 703 
784 785 705 704 
785 786 706 705 
786 787 707 706 
787 788 708 707 
788 789 709 708 
789 790 710 709 
790 791 711 710 
791 792 712 711 
792 793 713 712 
793 794 714 713 
794 795 715 714 
795 796 716 715 
796 797 717 716 
797 798 718 717 
798 799 719 718 
799 800 720 719 
800 801 721 720 
801 802 722 721 
802 803 723 722 
803 804 724 723 
804 805 725 724 
805 806 726 725 
806 807 727 726 
807 808 728 727 
808 809 729 728 
809 810 730 729 
810 811 731 730 
811 812 732 731 
812 813 733 732 
813 814 734 733 
814 815 735 734 
815 816 736 735 
816 817 737 736 
817 818 738 737 
818 819 739 738 
819 820 740 739 
820 821 741 740 
821 822 742 741 
822 823 743 742 
823 824 744 743 
824 825 745 744 
825 826 746 745 
826 827 747 746 
827 828 748 747 
828 829 749 748 
829 830 750 749 
830 831 751 750 
831 832 752 751 
832 833 753 752 
833 834 754 753 
834 835 755 754 
835 836 756 755 
836 837 757 756 
837 838 758 757 
838 839 759 758 
839 840 760 759 
840 761 681 760 
841 842 762 761 
842 843 763 762 
843 844 764 763 
844 845 765 764 
845 846 766 765 
846 847 767 766 
847 848 768 767 
848 849 769 768 
849 850 770 769 
850 851 771 770 
851 852 772 771 
852 853 773 772 
853 854 774 773 
854 855 775 774 
855 856 776 775 
856 857 777 776 
857 858 778 777 
858 859 779 778 
859 860 780 779 
860 861 781 780 
861 862 782 781 
862 863 783 782 
863 864 784 783 
864 865 785 784 
865 866 786 785 
866 867 787 786 
867 868 788 787 
868 869 789 788 
869 870 790 789 
870 871 791 790 
871 872 792 791 
872 873 793 792 
873 874 794 793 
874 875 795 794 
875 876 796 795 
876 877 797 796 
877 878 798 797 
878 879 799 798 
879 880 800 799 
880 881 801 800 
881 882 802 801 
882 883 803 802 
883 884 804 803 
884 885 805 804 
885 886 806 805 
886 887 807 806 
887 888 808 807 
888 889 809 808 
889 890 810 809 
890 891 811 810 
891 892 812 811 
892 893 813 812 
893 894 814 813 
894 895 815 814 
895 896 816 815 
896 897 817 816 
897 898 818 817 
898 899 819 818 
899 900 820 819 
900 901 821 820 
901 902 822 821 
902 903 823 822 
903 904 824 823 
904 905 825 824 
905 906 826 825 
906 907 827 826 
907 908 828 827 
908 909 829 828 
909 910 830 829 
910 911 831 830 
911 912 832 831 
912 913 833 832 
913 914 834 833 
914 915 835 834 
915 916 836 835 
916 917 837 836 
917 918 838 837 
918 919 839 838 
919 920 840 839 
920 841 761 840 
921 922 842 841 
922 923 843 842 
923 924 844 843 
924 925 845 844 
925 926 846 845 
926 927 847 846 
927 928 848 847 
928 929 849 848 
929 930 850 849 
930 931 851 850 
931 932 852 851 
932 933 853 852 
933 934 854 853 
934 935 855 854 
935 936 856 855 
936 937 857 856 
937 938 858 857 
938 939 859 858 
939 940 860 859 
940 941 861 860 
941 942 862 861 
942 943 863 862 
943 944 864 863 
944 945 865 864 
945 946 866 865 
946 947 867 866 
947 948 868 867 
948 949 869 868 
949 950 870 869 
950 951 871 870 
951 952 872 871 
952 953 873 872 
953 954 874 873 
954 955 875 874 
955 956 876 875 
956 957 877 876 
957 958 878 877 
958 959 879 878 
959 960 880 879 
960 961 881 880 
961 962 882 881 
962 963 883 882 
963 964 884 883 
964 965 885 884 
965 966 886 885 
966 967 887 886 
967 968 888 887 
968 969 889 888 
969 970 890 889 
970 971 891 890 
971 972 892 891 
972 973 893 892 
973 974 894 893 
974 975 895 894 
975 976 896 895 
976 977 897 896 
977 978 898 897 
978 979 899 898 
979 980 900 899 
980 981 901 900 
981 982 902 901 
982 983 903 902 
983 984 904 903 
984 985 905 904 
985 986 906 905 
986 987 907 906 
987 988 908 907 
988 989 909 908 
989 990 910 909 
990 991 911 910 
991 992 912 911 
992 993 913 912 
993 994 914 913 
994 995 915 914 
995 996 916 915 
996 997 917 916 
997 998 918 917 
998 999 919 918 
999 1000 920 919 
1000 921 841 920 
1001 1002 922 921 
1002 1003 923 922 
1003 1004 924 923 
1004 1005 925 924 
1005 1006 926 925 
1006 1007 927 926 
1007 1008 928 927 
1008 1009 929 928 
1009 1010 930 929 
1010 1011 931 930 
1011 1012 932 931 
1012 1013 933 932 
1013 1014 934 933 
1014 1015 935 934 
1015 1016 936 935 
1016 1017 937 936 
1017 1018 938 937 
1018 1019 939 938 
1019 1020 940 939 
1020 1021 941 940 
1021 1022 942 941 
1022 1023 943 942 
1023 1024 944 943 
1024 1025 945 944 
1025 1026 946 945 
1026 1027 947 946 
1027 1028 948 947 
1028 1029 949 948 
1029 1030 950 949 
1030 1031 951 950 
1031 1032 952 951 
1032 1033 953 952 
1033 1034 954 953 
1034 1035 955 954 
1035 1036 956 955 
1036 1037 957 956 
1037 1038 958 957 
1038 1039 959 958 
1039 1040 960 959 
1040 1041 961 960 
1041 1042 962 961 
1042 1043 963 962 
1043 1044 964 963 
1044 1045 965 964 
1045 1046 966 965 
1046 1047 967 966 
1047 1048 968 967 
1048 1049 969 968 
1049 1050 970 969 
1050 1051 971 970 
1051 1052 972 971 
1052 1053 973 972 
1053 1054 974 973 
1054 1055 975 974 
1055 1056 976 975 
1056 1057 977 976 
1057 1058 978 977 
1058 1059 979 978 
1059 1060 980 979 
1060 1061 981 980 
1061 1062 982 981 
1062 1063 983 982 
1063 1064 984 983 
1064 1065 985 984 
1065 1066 986 985 
1066 1067 987 986 
1067 1068 988 987 
1068 1069 989 988 
1069 1070 990 989 
1070 1071 991 990 
1071 1072 992 991 
1072 1073 993 992 
1073 1074 994 993 
1074 1075 995 994 
1075 1076 996 995 
1076 1077 997 996 
1077 1078 998 997 
1078 1079 999 998 
1079 1080 1000 999 
1080 1001 921 1000 
1081 1082 1002 1001 
1082 1083 1003 1002 
1083 1084 1004 1003 
1084 1085 1005 1004 
1085 1086 1006 1005 
1086 1087 1007 1006 
1087 1088 1008 1007 
1088 1089 1009 1008 
1089 1090 1010 1009 
1090 1091 1011 1010 
1091 1092 1012 1011 
1092 1093 1013 1012 
1093 1094 1014 1013 
1094 1095 1015 1014 
1095 1096 1016 1015 
1096 1097 1017 1016 
1097 1098 1018 1017 
1098 1099 1019 1018 
1099 1100 1020 1019 
1100 1101 1021 1020 
1101 1102 1022 1021 
1102 1103 1023 1022 
1103 1104 1024 1023 
1104 1105 1025 1024 
1105 1106 1026 1025 
1106 1107 1027 1026 
1107 1108 1028 1027 
1108 1109 1029 1028 
1109 1110 1030 1029 
1110 1111 1031 1030 
1111 1112 1032 1031 
1112 1113 1033 1032 
1113 1114 1034 1033 
1114 1115 1035 1034 
1115 1116 1036 1035 
1116 1117 1037 1036 
1117 1118 1038 1037 
1118 1119 1039 1038 
1119 1120 1040 1039 
1120 1121 1041 1040 
1121 1122 1042 1041 
1122 1123 1043 1042 
1123 1124 1044 1043 
1124 1125 1045 1044 
1125 1126 1046 1045 
1126 1127 1047 1046 
1127 1128 1048 1047 
1128 1129 1049 1048 
1129 1130 1050 1049 
1130 1131 1051 1050 
1131 1132 1052 1051 
1132 1133 1053 1052 
1133 1134 1054 1053 
1134 1135 1055 1054 
1135 1136 1056 1055 
1136 1137 1057 1056 
1137 1138 1058 1057 
1138 1139 1059 1058 
1139 1140 1060 1059 
1140 1141 1061 1060 
1141 1142 1062 1061 
1142 1143 1063 1062 
1143 1144 1064 1063 
1144 1145 1065 1064 
1145 1146 1066 1065 
1146 1147 1067 1066 
1147 1148 1068 1067 
1148 1149 1069 1068 
1149 1150 1070 1069 
1150 1151 1071 1070 
1151 1152 1072 1071 
1152 1153 1073 1072 
1153 1154 1074 1073 
1154 1155 1075 1074 
1155 1156 1076 1075 
1156 1157 1077 1076 
1157 1158 1078 1077 
1158 1159 1079 1078 
1159 1160 1080 1079 
1160 1081 1001 1080 
1161 1162 1082 1081 
1162 1163 1083 1082 
1163 1164 1084 1083 
1164 1165 1085 1084 
1165 1166 1086 1085 
1166 1167 1087 1086 
1167 1168 1088 1087 
1168 1169 1089 1088 
1169 1170 1090 1089 
1170 1171 1091 1090 
1171 1172 1092 1091 
1172 1173 1093 1092 
1173 1174 1094 1093 
1174 1175 1095 1094 
1175 1176 1096 1095 
1176 1177 1097 1096 
1177 1178 1098 1097 
1178 1179 1099 1098 
1179 1180 1100 1099 
1180 1181 1101 1100 
1181 1182 1102 1101 
1182 1183 1103 1102 
1183 1184 1104 1103 
1184 1185 1105 1104 
1185 1186 1106 1105 
1186 1187 1107 1106 
1187 1188 1108 1107 
1188 1189 1109 1108 
1189 1190 1110 1109 
1190 1191 1111 1110 
1191 1192 1112 1111 
1192 1193 1113 1112 
1193 1194 1114 1113 
1194 1195 1115 1114 
1195 1196 1116 1115 
1196 1197 1117 1116 
1197 1198 1118 1117 
1198 1199 1119 1118 
1199 1200 1120 1119 
1200 1201 1121 1120 
1201 1202 1122 1121 
1202 1203 1123 1122 
1203 1204 1124 1123 
1204 1205 1125 1124 
1205 1206 1126 1125 
1206 1207 1127 1126 
1207 1208 1128 1127 
1208 1209 1129 1128 
1209 1210 1130 1129 
1210 1211 1131 1130 
1211 1212 1132 1131 
1212 1213 1133 1132 
1213 1214 1134 1133 
1214 1215 1135 1134 
1215 1216 1136 1135 
1216 1217 1137 1136 
1217 1218 1138 1137 
1218 1219 1139 1138 
1219 1220 1140 1139 
1220 1221 1141 1140 
1221 1222 1142 1141 
1222 1223 1143 1142 
1223 1224 1144 1143 
1224 1225 1145 1144 
1225 1226 1146 1145 
1226 1227 1147 1146 
1227 1228 1148 1147 
1228 1229 1149 1148 
1229 1230 1150 1149 
1230 1231 1151 1150 
1231 1232 1152 1151 
1232 1233 1153 1152 
1233 1234 1154 1153 
1234 1235 1155 1154 
1235 1236 1156 1155 
1236 1237 1157 1156 
1237 1238 1158 1157 
1238 1239 1159 1158 
1239 1240 1160 1159 
1240 1161 1081 1160 
1241 1242 1162 1161 
1242 1243 1163 1162 
1243 1244 1164 1163 
1244 1245 1165 1164 
1245 1246 1166 1165 
1246 1247 1167 1166 
1247 1248 1168 1167 
1248 1249 1169 1168 
1249 1250 1170 1169 
1250 1251 1171 1170 
1251 1252 1172 1171 
1252 1253 1173 1172 
1253 1254 1174 1173 
1254 1255 1175 1174 
1255 1256 1176 1175 
1256 1257 1177 1176 
1257 1258 1178 1177 
1258 1259 1179 1178 
1259 1260 1180 1179 
1260 1261 1181 1180 
1261 1262 1182 1181 
1262 1263 1183 1182 
1263 1264 1184 1183 
1264 1265 1185 1184 
1265 1266 1186 1185 
1266 1267 1187 1186 
1267 1268 1188 1187 
1268 1269 1189 1188 
1269 1270 1190 1189 
1270 1271 1191 1190 
1271 1272 1192 1191 
1272 1273 1193 1192 
1273 1274 1194 1193 
1274 1275 1195 1194 
1275 1276 1196 1195 
1276 1277 1197 1196 
1277 1278 1198 1197 
1278 1279 1199 1198 
1279 1280 1200 1199 
1280 1281 1201 1200 
1281 1282 1202 1201 
1282 1283 1203 1202 
1283 1284 1204 1203 
1284 1285 1205 1204 
1285 1286 1206 1205 
1286 1287 1207 1206 
1287 1288 1208 1207 
1288 1289 1209 1208 
1289 1290 1210 1209 
1290 1291 1211 1210 
1291 1292 1212 1211 
1292 1293 1213 1212 
1293 1294 1214 1213 
1294 1295 1215 1214 
1295 1296 1216 1215 
1296 1297 1217 1216 
1297 1298 1218 1217 
1298 1299 1219 1218 
1299 1300 1220 1219 
1300 1301 1221 1220 
1301 1302 1222 1221 
1302 1303 1223 1222 
1303 1304 1224 1223 
1304 1305 1225 1224 
1305 1306 1226 1225 
1306 1307 1227 1226 
1307 1308 1228 1227 
1308 1309 1229 1228 
1309 1310 1230 1229 
1310 1311 1231 1230 
1311 1312 1232 1231 
1312 1313 1233 1232 
1313 1314 1234 1233 
1314 1315 1235 1234 
1315 1316 1236 1235 
1316 1317 1237 1236 
1317 1318 1238 1237 
1318 1319 1239 1238 
1319 1320 1240 1239 
1320 1241 1161 1240 
1321 1322 1242 1241 
1322 1323 1243 1242 
1323 1324 1244 1243 
1324 1325 1245 1244 
1325 1326 1246 1245 
1326 1327 1247 1246 
1327 1328 1248 1247 
1328 1329 1249 1248 
1329 1330 1250 1249 
1330 1331 1251 1250 
1331 1332 1252 1251 
1332 1333 1253 1252 
1333 1334 1254 1253 
1334 1335 1255 1254 
1335 1336 1256 1255 
1336 1337 1257 1256 
1337 1338 1258 1257 
1338 1339 1259 1258 
1339 1340 1260 1259 
1340 1341 1261 1260 
1341 1342 1262 1261 
1342 1343 1263 1262 
1343 1344 1264 1263 
1344 1345 1265 1264 
1345 1346 1266 1265 
1346 1347 1267 1266 
1347 1348 1268 1267 
1348 1349 1269 1268 
1349 1350 1270 1269 
1350 1351 1271 1270 
1351 1352 1272 1271 
1352 1353 1273 1272 
1353 1354 1274 1273 
1354 1355 1275 1274 
1355 1356 1276 1275 
1356 1357 1277 1276 
1357 1358 1278 1277 
1358 1359 1279 1278 
1359 1360 1280 1279 
1360 1361 1281 1280 
1361 1362 1282 1281 
1362 1363 1283 1282 
1363 1364 1284 1283 
1364 1365 1285 1284 
1365 1366 1286 1285 
1366 1367 1287 1286 
1367 1368 1288 1287 
1368 1369 1289 1288 
1369 1370 1290 1289 
1370 1371 1291 1290 
1371 1372 1292 1291 
1372 1373 1293 1292 
1373 1374 1294 1293 
1374 1375 1295 1294 
1375 1376 1296 1295 
1376 1377 1297 1296 
1377 1378 1298 1297 
1378 1379 1299 1298 
1379 1380 1300 1299 
1380 1381 1301 1300 
1381 1382 1302 1301 
1382 1383 1303 1302 
1383 1384 1304 1303 
1384 1385 1305 1304 
1385 1386 1306 1305 
1386 1387 1307 1306 
1387 1388 1308 1307 
1388 1389 1309 1308 
1389 1390 1310 1309 
1390 1391 1311 1310 
1391 1392 1312 1311 
1392 1393 1313 1312 
1393 1394 1314 1313 
1394 1395 1315 1314 
1395 1396 1316 1315 
1396 1397 1317 1316 
1397 1398 1318 1317 
1398 1399 1319 1318 
1399 1400 1320 1319 
1400 1321 1241 1320 
1401 1402 1322 1321 
1402 1403 1323 1322 
1403 1404 1324 1323 
1404 1405 1325 1324 
1405 1406 1326 1325 
1406 1407 1327 1326 
1407 1408 1328 1327 
1408 1409 1329 1328 
1409 1410 1330 1329 
1410 1411 1331 1330 
1411 1412 1332 1331 
1412 1413 1333 1332 
1413 1414 1334 1333 
1414 1415 1335 1334 
1415 1416 1336 1335 
1416 1417 1337 1336 
1417 1418 1338 1337 
1418 1419 1339 1338 
1419 1420 1340 1339 
1420 1421 1341 1340 
1421 1422 1342 1341 
1422 1423 1343 1342 
1423 1424 1344 1343 
1424 1425 1345 1344 
1425 1426 1346 1345 
1426 1427 1347 1346 
1427 1428 1348 1347 
1428 1429 1349 1348 
1429 1430 1350 1349 
1430 1431 1351 1350 
1431 1432 1352 1351 
1432 1433 1353 1352 
1433 1434 1354 1353 
1434 1435 1355 1354 
1435 1436 1356 1355 
1436 1437 1357 1356 
1437 1438 1358 1357 
1438 1439 1359 1358 
1439 1440 1360 1359 
1440 1441 1361 1360 
1441 1442 1362 1361 
1442 1443 1363 1362 
1443 1444 1364 1363 
1444 1445 1365 1364 
1445 1446 1366 1365 
1446 1447 1367 1366 
1447 1448 1368 1367 
1448 1449 1369 1368 
1449 1450 1370 1369 
1450 1451 1371 1370 
1451 1452 1372 1371 
1452 1453 1373 1372 
1453 1454 1374 1373 
1454 1455 1375 1374 
1455 1456 1376 1375 
1456 1457 1377 1376 
1457 1458 1378 1377 
1458 1459 1379 1378 
1459 1460 1380 1379 
1460 1461 1381 1380 
1461 1462 1382 1381 
1462 1463 1383 1382 
1463 1464 1384 1383 
1464 1465 1385 1384 
1465 1466 1386 1385 
1466 1467 1387 1386 
1467 1468 1388 1387 
1468 1469 1389 1388 
1469 1470 1390 1389 
1470 1471 1391 1390 
1471 1472 1392 1391 
1472 1473 1393 1392 
1473 1474 1394 1393 
1474 1475 1395 1394 
1475 1476 1396 1395 
1476 1477 1397 1396 
1477 1478 1398 1397 
1478 1479 1399 1398 
1479 1480 1400 1399 
1480 1401 1321 1400 
1481 1482 1402 1401 
1482 1483 1403 1402 
1483 1484 1404 1403 
1484 1485 1405 1404 
1485 1486 1406 1405 
1486 1487 1407 1406 
1487 1488 1408 1407 
1488 1489 1409 1408 
1489 1490 1410 1409 
1490 1491 1411 1410 
1491 1492 1412 1411 
1492 1493 1413 1412 
1493 1494 1414 1413 
1494 1495 1415 1414 
1495 1496 1416 1415 
1496 1497 1417 1416 
1497 1498 1418 1417 
1498 1499 1419 1418 
1499 1500 1420 1419 
1500 1501 1421 1420 
1501 1502 1422 1421 
1502 1503 1423 1422 
1503 1504 1424 1423 
1504 1505 1425 1424 
1505 1506 1426 1425 
1506 1507 1427 1426 
1507 1508 1428 1427 
1508 1509 1429 1428 
1509 1510 1430 1429 
1510 1511 1431 1430 
1511 1512 1432 1431 
1512 1513 1433 1432 
1513 1514 1434 1433 
1514 1515 1435 1434 
1515 1516 1436 1435 
1516 1517 1437 1436 
1517 1518 1438 1437 
1518 1519 1439 1438 
1519 1520 1440 1439 
1520 1521 1441 1440 
1521 1522 1442 1441 
1522 1523 1443 1442 
1523 1524 1444 1443 
1524 1525 1445 1444 
1525 1526 1446 1445 
1526 1527 1447 1446 
1527 1528 1448 1447 
1528 1529 1449 1448 
1529 1530 1450 1449 
1530 1531 1451 1450 
1531 1532 1452 1451 
1532 1533 1453 1452 
1533 1534 1454 1453 
1534 1535 1455 1454 
1535 1536 1456 1455 
1536 1537 1457 1456 
1537 1538 1458 1457 
1538 1539 1459 1458 
1539 1540 1460 1459 
1540 1541 1461 1460 
1541 1542 1462 1461 
1542 1543 1463 1462 
1543 1544 1464 1463 
1544 1545 1465 1464 
1545 1546 1466 1465 
1546 1547 1467 1466 
1547 1548 1468 1467 
1548 1549 1469 1468 
1549 1550 1470 1469 
1550 1551 1471 1470 
1551 1552 1472 1471 
1552 1553 1473 1472 
1553 1554 1474 1473 
1554 1555 1475 1474 
1555 1556 1476 1475 
1556 1557 1477 1476 
1557 1558 1478 1477 
1558 1559 1479 1478 
1559 1560 1480 1479 
1560 1481 1401 1480 
1561 1562 1482 1481 
1562 1563 1483 1482 
1563 1564 1484 1483 
1564 1565 1485 1484 
1565 1566 1486 1485 
1566 1567 1487 1486 
1567 1568 1488 1487 
1568 1569 1489 1488 
1569 1570 1490 1489 
1570 1571 1491 1490 
1571 1572 1492 1491 
1572 1573 1493 1492 
1573 1574 1494 1493 
1574 1575 1495 1494 
1575 1576 1496 1495 
1576 1577 1497 1496 
1577 1578 1498 1497 
1578 1579 1499 1498 
1579 1580 1500 1499 
1580 1581 1501 1500 
1581 1582 1502 1501 
1582 1583 1503 1502 
1583 1584 1504 1503 
1584 1585 1505 1504 
1585 1586 1506 1505 
1586 1587 1507 1506 
1587 1588 1508 1507 
1588 1589 1509 1508 
1589 1590 1510 1509 
1590 1591 1511 1510 
1591 1592 1512 1511 
1592 1593 1513 1512 
1593 1594 1514 1513 
1594 1595 1515 1514 
1595 1596 1516 1515 
1596 1597 1517 1516 
1597 1598 1518 1517 
1598 1599 1519 1518 
1599 1600 1520 1519 
1600 1601 1521 1520 
1601 1602 1522 1521 
1602 1603 1523 1522 
1603 1604 1524 1523 
1604 1605 1525 1524 
1605 1606 1526 1525 
1606 1607 1527 1526 
1607 1608 1528 1527 
1608 1609 1529 1528 
1609 1610 1530 1529 
1610 1611 1531 1530 
1611 1612 1532 1531 
1612 1613 1533 1532 
1613 1614 1534 1533 
1614 1615 1535 1534 
1615 1616 1536 1535 
1616 1617 1537 1536 
1617 1618 1538 1537 
1618 1619 1539 1538 
1619 1620 1540 1539 
1620 1621 1541 1540 
1621 1622 1542 1541 
1622 1623 1543 1542 
1623 1624 1544 1543 
1624 1625 1545 1544 
1625 1626 1546 1545 
1626 1627 1547 1546 
1627 1628 1548 1547 
1628 1629 1549 1548 
1629 1630 1550 1549 
1630 1631 1551 1550 
1631 1632 1552 1551 
1632 1633 1553 1552 
1633 1634 1554 1553 
1634 1635 1555 1554 
1635 1636 1556 1555 
1636 1637 1557 1556 
1637 1638 1558 1557 
1638 1639 1559 1558 
1639 1640 1560 1559 
1640 1561 1481 1560 
1641 1642 1562 1561 
1642 1643 1563 1562 
1643 1644 1564 1563 
1644 1645 1565 1564 
1645 1646 1566 1565 
1646 1647 1567 1566 
1647 1648 1568 1567 
1648 1649 1569 1568 
1649 1650 1570 1569 
1650 1651 1571 1570 
1651 1652 1572 1571 
1652 1653 1573 1572 
1653 1654 1574 1573 
1654 1655 1575 1574 
1655 1656 1576 1575 
1656 1657 1577 1576 
1657 1658 1578 1577 
1658 1659 1579 1578 
1659 1660 1580 1579 
1660 1661 1581 1580 
1661 1662 1582 1581 
1662 1663 1583 1582 
1663 1664 1584 1583 
1664 1665 1585 1584 
1665 1666 1586 1585 
1666 1667 1587 1586 
1667 1668 1588 1587 
1668 1669 1589 1588 
1669 1670 1590 1589 
1670 1671 1591 1590 
1671 1672 1592 1591 
1672 1673 1593 1592 
1673 1674 1594 1593 
1674 1675 1595 1594 
1675 1676 1596 1595 
1676 1677 1597 1596 
1677 1678 1598 1597 
1678 1679 1599 1598 
1679 1680 1600 1599 
1680 1681 1601 1600 
1681 1682 1602 1601 
1682 1683 1603 1602 
1683 1684 1604 1603 
1684 1685 1605 1604 
1685 1686 1606 1605 
1686 1687 1607 1606 
1687 1688 1608 1607 
1688 1689 1609 1608 
1689 1690 1610 1609 
1690 1691 1611 1610 
1691 1692 1612 1611 
1692 1693 1613 1612 
1693 1694 1614 1613 
1694 1695 1615 1614 
1695 1696 1616 1615 
1696 1697 1617 1616 
1697 1698 1618 1617 
1698 1699 1619 1618 
1699 1700 1620 1619 
1700 1701 1621 1620 
1701 1702 1622 1621 
1702 1703 1623 1622 
1703 1704 1624 1623 
1704 1705 1625 1624 
1705 1706 1626 1625 
1706 1707 1627 1626 
1707 1708 1628 1627 
1708 1709 1629 1628 
1709 1710 1630 1629 
1710 1711 1631 1630 
1711 1712 1632 1631 
1712 1713 1633 1632 
1713 1714 1634 1633 
1714 1715 1635 1634 
1715 1716 1636 1635 
1716 1717 1637 1636 
1717 1718 1638 1637 
1718 1719 1639 1638 
1719 1720 1640 1639 
1720 1641 1561 1640 
1721 1722 1642 1641 
1722 1723 1643 1642 
1723 1724 1644 1643 
1724 1725 1645 1644 
1725 1726 1646 1645 
1726 1727 1647 1646 
1727 1728 1648 1647 
1728 1729 1649 1648 
1729 1730 1650 1649 
1730 1731 1651 1650 
1731 1732 1652 1651 
1732 1733 1653 1652 
1733 1734 1654 1653 
1734 1735 1655 1654 
1735 1736 1656 1655 
1736 1737 1657 1656 
1737 1738 1658 1657 
1738 1739 1659 1658 
1739 1740 1660 1659 
1740 1741 1661 1660 
1741 1742 1662 1661 
1742 1743 1663 1662 
1743 1744 1664 1663 
1744 1745 1665 1664 
1745 1746 1666 1665 
1746 1747 1667 1666 
1747 1748 1668 1667 
1748 1749 1669 1668 
1749 1750 1670 1669 
1750 1751 1671 1670 
1751 1752 1672 1671 
1752 1753 1673 1672 
1753 1754 1674 1673 
1754 1755 1675 1674 
1755 1756 1676 1675 
1756 1757 1677 1676 
1757 1758 1678 1677 
1758 1759 1679 1678 
1759 1760 1680 1679 
1760 1761 1681 1680 
1761 1762 1682 1681 
1762 1763 1683 1682 
1763 1764 1684 1683 
1764 1765 1685 1684 
1765 1766 1686 1685 
1766 1767 1687 1686 
1767 1768 1688 1687 
1768 1769 1689 1688 
1769 1770 1690 1689 
1770 1771 1691 1690 
1771 1772 1692 1691 
1772 1773 1693 1692 
1773 1774 1694 1693 
1774 1775 1695 1694 
1775 1776 1696 1695 
1776 1777 1697 1696 
1777 1778 1698 1697 
1778 1779 1699 1698 
1779 1780 1700 1699 
1780 1781 1701 1700 
1781 1782 1702 1701 
1782 1783 1703 1702 
1783 1784 1704 1703 
1784 1785 1705 1704 
1785 1786 1706 1705 
1786 1787 1707 1706 
1787 1788 1708 1707 
1788 1789 1709 1708 
1789 1790 1710 1709 
1790 1791 1711 1710 
1791 1792 1712 1711 
1792 1793 1713 1712 
1793 1794 1714 1713 
1794 1795 1715 1714 
1795 1796 1716 1715 
1796 1797 1717 1716 
1797 1798 1718 1717 
1798 1799 1719 1718 
1799 1800 1720 1719 
1800 1721 1641 1720 
1801 1802 1722 1721 
1802 1803 1723 1722 
1803 1804 1724 1723 
1804 1805 1725 1724 
1805 1806 1726 1725 
1806 1807 1727 1726 
1807 1808 1728 1727 
1808 1809 1729 1728 
1809 1810 1730 1729 
1810 1811 1731 1730 
1811 1812 1732 1731 
1812 1813 1733 1732 
1813 1814 1734 1733 
1814 1815 1735 1734 
1815 1816 1736 1735 
1816 1817 1737 1736 
1817 1818 1738 1737 
1818 1819 1739 1738 
1819 1820 1740 1739 
1820 1821 1741 1740 
1821 1822 1742 1741 
1822 1823 1743 1742 
1823 1824 1744 1743 
1824 1825 1745 1744 
1825 1826 1746 1745 
1826 1827 1747 1746 
1827 1828 1748 1747 
1828 1829 1749 1748 
1829 1830 1750 1749 
1830 1831 1751 1750 
1831 1832 1752 1751 
1832 1833 1753 1752 
1833 1834 1754 1753 
1834 1835 1755 1754 
1835 1836 1756 1755 
1836 1837 1757 1756 
1837 1838 1758 1757 
1838 1839 1759 1758 
1839 1840 1760 1759 
1840 1841 1761 1760 
1841 1842 1762 1761 
1842 1843 1763 1762 
1843 1844 1764 1763 
1844 1845 1765 1764 
1845 1846 1766 1765 
1846 1847 1767 1766 
1847 1848 1768 1767 
1848 1849 1769 1768 
1849 1850 1770 1769 
1850 1851 1771 1770 
1851 1852 1772 1771 
1852 1853 1773 1772 
1853 1854 1774 1773 
1854 1855 1775 1774 
1855 1856 1776 1775 
1856 1857 1777 1776 
1857 1858 1778 1777 
1858 1859 1779 1778 
1859 1860 1780 1779 
1860 1861 1781 1780 
1861 1862 1782 1781 
1862 1863 1783 1782 
1863 1864 1784 1783 
1864 1865 1785 1784 
1865 1866 1786 1785 
1866 1867 1787 1786 
1867 1868 1788 1787 
1868 1869 1789 1788 
1869 1870 1790 1789 
1870 1871 1791 1790 
1871 1872 1792 1791 
1872 1873 1793 1792 
1873 1874 1794 1793 
1874 1875 1795 1794 
1875 1876 1796 1795 
1876 1877 1797 1796 
1877 1878 1798 1797 
1878 1879 1799 1798 
1879 1880 1800 1799 
1880 1801 1721 1800 
1881 1882 1802 1801 
1882 1883 1803 1802 
1883 1884 1804 1803 
1884 1885 1805 1804 
1885 1886 1806 1805 
1886 1887 1807 1806 
1887 1888 1808 1807 
1888 1889 1809 1808 
1889 1890 1810 1809 
1890 1891 1811 1810 
1891 1892 1812 1811 
1892 1893 1813 1812 
1893 1894 1814 1813 
1894 1895 1815 1814 
1895 1896 1816 1815 
1896 1897 1817 1816 
1897 1898 1818 1817 
1898 1899 1819 1818 
1899 1900 1820 1819 
1900 1901 1821 1820 
1901 1902 1822 1821 
1902 1903 1823 1822 
1903 1904 1824 1823 
1904 1905 1825 1824 
1905 1906 1826 1825 
1906 1907 1827 1826 
1907 1908 1828 1827 
1908 1909 1829 1828 
1909 1910 1830 1829 
1910 1911 1831 1830 
1911 1912 1832 1831 
1912 1913 1833 1832 
1913 1914 1834 1833 
1914 1915 1835 1834 
1915 1916 1836 1835 
1916 1917 1837 1836 
1917 1918 1838 1837 
1918 1919 1839 1838 
1919 1920 1840 1839 
1920 1921 1841 1840 
1921 1922 1842 1841 
1922 1923 1843 1842 
1923 1924 1844 1843 
1924 1925 1845 1844 
1925 1926 1846 1845 
1926 1927 1847 1846 
1927 1928 1848 1847 
1928 1929 1849 1848 
1929 1930 1850 1849 
1930 1931 1851 1850 
1931 1932 1852 1851 
1932 1933 1853 1852 
1933 1934 1854 1853 
1934 1935 1855 1854 
1935 1936 1856 1855 
1936 1937 1857 1856 
1937 1938 1858 1857 
1938 1939 1859 1858 
1939 1940 1860 1859 
1940 1941 1861 1860 
1941 1942 1862 1861 
1942 1943 1863 1862 
1943 1944 1864 1863 
1944 1945 1865 1864 
1945 1946 1866 1865 
1946 1947 1867 1866 
1947 1948 1868 1867 
1948 1949 1869 1868 
1949 1950 1870 1869 
1950 1951 1871 1870 
1951 1952 1872 1871 
1952 1953 1873 1872 
1953 1954 1874 1873 
1954 1955 1875 1874 
1955 1956 1876 1875 
1956 1957 1877 1876 
1957 1958 1878 1877 
1958 1959 1879 1878 
1959 1960 1880 1879 
1960 1881 1801 1880 
1961 1962 1882 1881 
1962 1963 1883 1882 
1963 1964 1884 1883 
1964 1965 1885 1884 
1965 1966 1886 1885 
1966 1967 1887 1886 
1967 1968 1888 1887 
1968 1969 1889 1888 
1969 1970 1890 1889 
1970 1971 1891 1890 
1971 1972 1892 1891 
1972 1973 1893 1892 
1973 1974 1894 1893 
1974 1975 1895 1894 
1975 1976 1896 1895 
1976 1977 1897 1896 
1977 1978 1898 1897 
1978 1979 1899 1898 
1979 1980 1900 1899 
1980 1981 1901 1900 
1981 1982 1902 1901 
1982 1983 1903 1902 
1983 1984 1904 1903 
1984 1985 1905 1904 
1985 1986 1906 1905 
1986 1987 1907 1906 
1987 1988 1908 1907 
1988 1989 1909 1908 
1989 1990 1910 1909 
1990 1991 1911 1910 
1991 1992 1912 1911 
1992 1993 1913 1912 
1993 1994 1914 1913 
1994 1995 1915 1914 
1995 1996 1916 1915 
1996 1997 1917 1916 
1997 1998 1918 1917 
1998 1999 1919 1918 
1999 2000 1920 1919 
2000 2001 1921 1920 
2001 2002 1922 1921 
2002 2003 1923 1922 
2003 2004 1924 1923 
2004 2005 1925 1924 
2005 2006 1926 1925 
2006 2007 1927 1926 
2007 2008 1928 1927 
2008 2009 1929 1928 
2009 2010 1930 1929 
2010 2011 1931 1930 
2011 2012 1932 1931 
2012 2013 1933 1932 
2013 2014 1934 1933 
2014 2015 1935 1934 
2015 2016 1936 1935 
2016 2017 1937 1936 
2017 2018 1938 1937 
2018 2019 1939 1938 
2019 2020 1940 1939 
2020 2021 1941 1940 
2021 2022 1942 1941 
2022 2023 1943 1942 
2023 2024 1944 1943 
2024 2025 1945 1944 
2025 2026 1946 1945 
2026 2027 1947 1946 
2027 2028 1948 1947 
2028 2029 1949 1948 
2029 2030 1950 1949 
2030 2031 1951 1950 
2031 2032 1952 1951 
2032 2033 1953 1952 
2033 2034 1954 1953 
2034 2035 1955 1954 
2035 2036 1956 1955 
2036 2037 1957 1956 
2037 2038 1958 1957 
2038 2039 1959 1958 
2039 2040 1960 1959 
2040 1961 1881 1960 
2041 2042 1962 1961 
2042 2043 1963 1962 
2043 2044 1964 1963 
2044 2045 1965 1964 
2045 2046 1966 1965 
2046 2047 1967 1966 
2047 2048 1968 1967 
2048 2049 1969 1968 
2049 2050 1970 1969 
2050 2051 1971 1970 
2051 2052 1972 1971 
2052 2053 1973 1972 
2053 2054 1974 1973 
2054 2055 1975 1974 
2055 2056 1976 1975 
2056 2057 1977 1976 
2057 2058 1978 1977 
2058 2059 1979 1978 
2059 2060 1980 1979 
2060 2061 1981 1980 
2061 2062 1982 1981 
2062 2063 1983 1982 
2063 2064 1984 1983 
2064 2065 1985 1984 
2065 2066 1986 1985 
2066 2067 1987 1986 
2067 2068 1988 1987 
2068 2069 1989 1988 
2069 2070 1990 1989 
2070 2071 1991 1990 
2071 2072 1992 1991 
2072 2073 1993 1992 
2073 2074 1994 1993 
2074 2075 1995 1994 
2075 2076 1996 1995 
2076 2077 1997 1996 
2077 2078 1998 1997 
2078 2079 1999 1998 
2079 2080 2000 1999 
2080 2081 2001 2000 
2081 2082 2002 2001 
2082 2083 2003 2002 
2083 2084 2004 2003 
2084 2085 2005 2004 
2085 2086 2006 2005 
2086 2087 2007 2006 
2087 2088 2008 2007 
2088 2089 2009 2008 
2089 2090 2010 2009 
2090 2091 2011 2010 
2091 2092 2012 2011 
2092 2093 2013 2012 
2093 2094 2014 2013 
2094 2095 2015 2014 
2095 2096 2016 2015 
2096 2097 2017 2016 
2097 2098 2018 2017 
2098 2099 2019 2018 
2099 2100 2020 2019 
2100 2101 2021 2020 
2101 2102 2022 2021 
2102 2103 2023 2022 
2103 2104 2024 2023 
2104 2105 2025 2024 
2105 2106 2026 2025 
2106 2107 2027 2026 
2107 2108 2028 2027 
2108 2109 2029 2028 
2109 2110 2030 2029 
2110 2111 2031 2030 
2111 2112 2032 2031 
2112 2113 2033 2032 
2113 2114 2034 2033 
2114 2115 2035 2034 
2115 2116 2036 2035 
2116 2117 2037 2036 
2117 2118 2038 2037 
2118 2119 2039 2038 
2119 2120 2040 2039 
2120 2041 1961 2040 
2121 2122 2042 2041 
2122 2123 2043 2042 
2123 2124 2044 2043 
2124 2125 2045 2044 
2125 2126 2046 2045 
2126 2127 2047 2046 
2127 2128 2048 2047 
2128 2129 2049 2048 
2129 2130 2050 2049 
2130 2131 2051 2050 
2131 2132 2052 2051 
2132 2133 2053 2052 
2133 2134 2054 2053 
2134 2135 2055 2054 
2135 2136 2056 2055 
2136 2137 2057 2056 
2137 2138 2058 2057 
2138 2139 2059 2058 
2139 2140 2060 2059 
2140 2141 2061 2060 
2141 2142 2062 2061 
2142 2143 2063 2062 
2143 2144 2064 2063 
2144 2145 2065 2064 
2145 2146 2066 2065 
2146 2147 2067 2066 
2147 2148 2068 2067 
2148 2149 2069 2068 
2149 2150 2070 2069 
2150 2151 2071 2070 
2151 2152 2072 2071 
2152 2153 2073 2072 
2153 2154 2074 2073 
2154 2155 2075 2074 
2155 2156 2076 2075 
2156 2157 2077 2076 
2157 2158 2078 2077 
2158 2159 2079 2078 
2159 2160 2080 2079 
2160 2161 2081 2080 
2161 2162 2082 2081 
2162 2163 2083 2082 
2163 2164 2084 2083 
2164 2165 2085 2084 
2165 2166 2086 2085 
2166 2167 2087 2086 
2167 2168 2088 2087 
2168 2169 2089 2088 
2169 2170 2090 2089 
2170 2171 2091 2090 
2171 2172 2092 2091 
2172 2173 2093 2092 
2173 2174 2094 2093 
2174 2175 2095 2094 
2175 2176 2096 2095 
2176 2177 2097 2096 
2177 2178 2098 2097 
2178 2179 2099 2098 
2179 2180 2100 2099 
2180 2181 2101 2100 
2181 2182 2102 2101 
2182 2183 2103 2102 
2183 2184 2104 2103 
2184 2185 2105 2104 
2185 2186 2106 2105 
2186 2187 2107 2106 
2187 2188 2108 2107 
2188 2189 2109 2108 
2189 2190 2110 2109 
2190 2191 2111 2110 
2191 2192 2112 2111 
2192 2193 2113 2112 
2193 2194 2114 2113 
2194 2195 2115 2114 
2195 2196 2116 2115 
2196 2197 2117 2116 
2197 2198 2118 2117 
2198 2199 2119 2118 
2199 2200 2120 2119 
2200 2121 2041 2120 
2201 2202 2122 2121 
2202 2203 2123 2122 
2203 2204 2124 2123 
2204 2205 2125 2124 
2205 2206 2126 2125 
2206 2207 2127 2126 
2207 2208 2128 2127 
2208 2209 2129 2128 
2209 2210 2130 2129 
2210 2211 2131 2130 
2211 2212 2132 2131 
2212 2213 2133 2132 
2213 2214 2134 2133 
2214 2215 2135 2134 
2215 2216 2136 2135 
2216 2217 2137 2136 
2217 2218 2138 2137 
2218 2219 2139 2138 
2219 2220 2140 2139 
2220 2221 2141 2140 
2221 2222 2142 2141 
2222 2223 2143 2142 
2223 2224 2144 2143 
2224 2225 2145 2144 
2225 2226 2146 2145 
2226 2227 2147 2146 
2227 2228 2148 2147 
2228 2229 2149 2148 
2229 2230 2150 2149 
2230 2231 2151 2150 
2231 2232 2152 2151 
2232 2233 2153 2152 
2233 2234 2154 2153 
2234 2235 2155 2154 
2235 2236 2156 2155 
2236 2237 2157 2156 
2237 2238 2158 2157 
2238 2239 2159 2158 
2239 2240 2160 2159 
2240 2241 2161 2160 
2241 2242 2162 2161 
2242 2243 2163 2162 
2243 2244 2164 2163 
2244 2245 2165 2164 
2245 2246 2166 2165 
2246 2247 2167 2166 
2247 2248 2168 2167 
2248 2249 2169 2168 
2249 2250 2170 2169 
2250 2251 2171 2170 
2251 2252 2172 2171 
2252 2253 2173 2172 
2253 2254 2174 2173 
2254 2255 2175 2174 
2255 2256 2176 2175 
2256 2257 2177 2176 
2257 2258 2178 2177 
2258 2259 2179 2178 
2259 2260 2180 2179 
2260 2261 2181 2180 
2261 2262 2182 2181 
2262 2263 2183 2182 
2263 2264 2184 2183 
2264 2265 2185 2184 
2265 2266 2186 2185 
2266 2267 2187 2186 
2267 2268 2188 2187 
2268 2269 2189 2188 
2269 2270 2190 2189 
2270 2271 2191 2190 
2271 2272 2192 2191 
2272 2273 2193 2192 
2273 2274 2194 2193 
2274 2275 2195 2194 
2275 2276 2196 2195 
2276 2277 2197 2196 
2277 2278 2198 2197 
2278 2279 2199 2198 
2279 2280 2200 2199 
2280 2201 2121 2200 
2281 2282 2202 2201 
2282 2283 2203 2202 
2283 2284 2204 2203 
2284 2285 2205 2204 
2285 2286 2206 2205 
2286 2287 2207 2206 
2287 2288 2208 2207 
2288 2289 2209 2208 
2289 2290 2210 2209 
2290 2291 2211 2210 
2291 2292 2212 2211 
2292 2293 2213 2212 
2293 2294 2214 2213 
2294 2295 2215 2214 
2295 2296 2216 2215 
2296 2297 2217 2216 
2297 2298 2218 2217 
2298 2299 2219 2218 
2299 2300 2220 2219 
2300 2301 2221 2220 
2301 2302 2222 2221 
2302 2303 2223 2222 
2303 2304 2224 2223 
2304 2305 2225 2224 
2305 2306 2226 2225 
2306 2307 2227 2226 
2307 2308 2228 2227 
2308 2309 2229 2228 
2309 2310 2230 2229 
2310 2311 2231 2230 
2311 2312 2232 2231 
2312 2313 2233 2232 
2313 2314 2234 2233 
2314 2315 2235 2234 
2315 2316 2236 2235 
2316 2317 2237 2236 
2317 2318 2238 2237 
2318 2319 2239 2238 
2319 2320 2240 2239 
2320 2321 2241 2240 
2321 2322 2242 2241 
2322 2323 2243 2242 
2323 2324 2244 2243 
2324 2325 2245 2244 
2325 2326 2246 2245 
2326 2327 2247 2246 
2327 2328 2248 2247 
2328 2329 2249 2248 
2329 2330 2250 2249 
2330 2331 2251 2250 
2331 2332 2252 2251 
2332 2333 2253 2252 
2333 2334 2254 2253 
2334 2335 2255 2254 
2335 2336 2256 2255 
2336 2337 2257 2256 
2337 2338 2258 2257 
2338 2339 2259 2258 
2339 2340 2260 2259 
2340 2341 2261 2260 
2341 2342 2262 2261 
2342 2343 2263 2262 
2343 2344 2264 2263 
2344 2345 2265 2264 
2345 2346 2266 2265 
2346 2347 2267 2266 
2347 2348 2268 2267 
2348 2349 2269 2268 
2349 2350 2270 2269 
2350 2351 2271 2270 
2351 2352 2272 2271 
2352 2353 2273 2272 
2353 2354 2274 2273 
2354 2355 2275 2274 
2355 2356 2276 2275 
2356 2357 2277 2276 
2357 2358 2278 2277 
2358 2359 2279 2278 
2359 2360 2280 2279 
2360 2281 2201 2280 
2361 2362 2282 2281 
2362 2363 2283 2282 
2363 2364 2284 2283 
2364 2365 2285 2284 
2365 2366 2286 2285 
2366 2367 2287 2286 
2367 2368 2288 2287 
2368 2369 2289 2288 
2369 2370 2290 2289 
2370 2371 2291 2290 
2371 2372 2292 2291 
2372 2373 2293 2292 
2373 2374 2294 2293 
2374 2375 2295 2294 
2375 2376 2296 2295 
2376 2377 2297 2296 
2377 2378 2298 2297 
2378 2379 2299 2298 
2379 2380 2300 2299 
2380 2381 2301 2300 
2381 2382 2302 2301 
2382 2383 2303 2302 
2383 2384 2304 2303 
2384 2385 2305 2304 
2385 2386 2306 2305 
2386 2387 2307 2306 
2387 2388 2308 2307 
2388 2389 2309 2308 
2389 2390 2310 2309 
2390 2391 2311 2310 
2391 2392 2312 2311 
2392 2393 2313 2312 
2393 2394 2314 2313 
2394 2395 2315 2314 
2395 2396 2316 2315 
2396 2397 2317 2316 
2397 2398 2318 2317 
2398 2399 2319 2318 
2399 2400 2320 2319 
2400 2401 2321 2320 
2401 2402 2322 2321 
2402 2403 2323 2322 
2403 2404 2324 2323 
2404 2405 2325 2324 
2405 2406 2326 2325 
2406 2407 2327 2326 
2407 2408 2328 2327 
2408 2409 2329 2328 
2409 2410 2330 2329 
2410 2411 2331 2330 
2411 2412 2332 2331 
2412 2413 2333 2332 
2413 2414 2334 2333 
2414 2415 2335 2334 
2415 2416 2336 2335 
2416 2417 2337 2336 
2417 2418 2338 2337 
2418 2419 2339 2338 
2419 2420 2340 2339 
2420 2421 2341 2340 
2421 2422 2342 2341 
2422 2423 2343 2342 
2423 2424 2344 2343 
2424 2425 2345 2344 
2425 2426 2346 2345 
2426 2427 2347 2346 
2427 2428 2348 2347 
2428 2429 2349 2348 
2429 2430 2350 2349 
2430 2431 2351 2350 
2431 2432 2352 2351 
2432 2433 2353 2352 
2433 2434 2354 2353 
2434 2435 2355 2354 
2435 2436 2356 2355 
2436 2437 2357 2356 
2437 2438 2358 2357 
2438 2439 2359 2358 
2439 2440 2360 2359 
2440 2361 2281 2360 
2441 2442 2362 2361 
2442 2443 2363 2362 
2443 2444 2364 2363 
2444 2445 2365 2364 
2445 2446 2366 2365 
2446 2447 2367 2366 
2447 2448 2368 2367 
2448 2449 2369 2368 
2449 2450 2370 2369 
2450 2451 2371 2370 
2451 2452 2372 2371 
2452 2453 2373 2372 
2453 2454 2374 2373 
2454 2455 2375 2374 
2455 2456 2376 2375 
2456 2457 2377 2376 
2457 2458 2378 2377 
2458 2459 2379 2378 
2459 2460 2380 2379 
2460 2461 2381 2380 
2461 2462 2382 2381 
2462 2463 2383 2382 
2463 2464 2384 2383 
2464 2465 2385 2384 
2465 2466 2386 2385 
2466 2467 2387 2386 
2467 2468 2388 2387 
2468 2469 2389 2388 
2469 2470 2390 2389 
2470 2471 2391 2390 
2471 2472 2392 2391 
2472 2473 2393 2392 
2473 2474 2394 2393 
2474 2475 2395 2394 
2475 2476 2396 2395 
2476 2477 2397 2396 
2477 2478 2398 2397 
2478 2479 2399 2398 
2479 2480 2400 2399 
2480 2481 2401 2400 
2481 2482 2402 2401 
2482 2483 2403 2402 
2483 2484 2404 2403 
2484 2485 2405 2404 
2485 2486 2406 2405 
2486 2487 2407 2406 
2487 2488 2408 2407 
2488 2489 2409 2408 
2489 2490 2410 2409 
2490 2491 2411 2410 
2491 2492 2412 2411 
2492 2493 2413 2412 
2493 2494 2414 2413 
2494 2495 2415 2414 
2495 2496 2416 2415 
2496 2497 2417 2416 
2497 2498 2418 2417 
2498 2499 2419 2418 
2499 2500 2420 2419 
2500 2501 2421 2420 
2501 2502 2422 2421 
2502 2503 2423 2422 
2503 2504 2424 2423 
2504 2505 2425 2424 
2505 2506 2426 2425 
2506 2507 2427 2426 
2507 2508 2428 2427 
2508 2509 2429 2428 
2509 2510 2430 2429 
2510 2511 2431 2430 
2511 2512 2432 2431 
2512 2513 2433 2432 
2513 2514 2434 2433 
2514 2515 2435 2434 
2515 2516 2436 2435 
2516 2517 2437 2436 
2517 2518 2438 2437 
2518 2519 2439 2438 
2519 2520 2440 2439 
2520 2441 2361 2440 
2521 2522 2442 2441 
2522 2523 2443 2442 
2523 2524 2444 2443 
2524 2525 2445 2444 
2525 2526 2446 2445 
2526 2527 2447 2446 
2527 2528 2448 2447 
2528 2529 2449 2448 
2529 2530 2450 2449 
2530 2531 2451 2450 
2531 2532 2452 2451 
2532 2533 2453 2452 
2533 2534 2454 2453 
2534 2535 2455 2454 
2535 2536 2456 2455 
2536 2537 2457 2456 
2537 2538 2458 2457 
2538 2539 2459 2458 
2539 2540 2460 2459 
2540 2541 2461 2460 
2541 2542 2462 2461 
2542 2543 2463 2462 
2543 2544 2464 2463 
2544 2545 2465 2464 
2545 2546 2466 2465 
2546 2547 2467 2466 
2547 2548 2468 2467 
2548 2549 2469 2468 
2549 2550 2470 2469 
2550 2551 2471 2470 
2551 2552 2472 2471 
2552 2553 2473 2472 
2553 2554 2474 2473 
2554 2555 2475 2474 
2555 2556 2476 2475 
2556 2557 2477 2476 
2557 2558 2478 2477 
2558 2559 2479 2478 
2559 2560 2480 2479 
2560 2561 2481 2480 
2561 2562 2482 2481 
2562 2563 2483 2482 
2563 2564 2484 2483 
2564 2565 2485 2484 
2565 2566 2486 2485 
2566 2567 2487 2486 
2567 2568 2488 2487 
2568 2569 2489 2488 
2569 2570 2490 2489 
2570 2571 2491 2490 
2571 2572 2492 2491 
2572 2573 2493 2492 
2573 2574 2494 2493 
2574 2575 2495 2494 
2575 2576 2496 2495 
2576 2577 2497 2496 
2577 2578 2498 2497 
2578 2579 2499 2498 
2579 2580 2500 2499 
2580 2581 2501 2500 
2581 2582 2502 2501 
2582 2583 2503 2502 
2583 2584 2504 2503 
2584 2585 2505 2504 
2585 2586 2506 2505 
2586 2587 2507 2506 
2587 2588 2508 2507 
2588 2589 2509 2508 
2589 2590 2510 2509 
2590 2591 2511 2510 
2591 2592 2512 2511 
2592 2593 2513 2512 
2593 2594 2514 2513 
2594 2595 2515 2514 
2595 2596 2516 2515 
2596 2597 2517 2516 
2597 2598 2518 2517 
2598 2599 2519 2518 
2599 2600 2520 2519 
2600 2521 2441 2520 
2601 2602 2522 2521 
2602 2603 2523 2522 
2603 2604 2524 2523 
2604 2605 2525 2524 
2605 2606 2526 2525 
2606 2607 2527 2526 
2607 2608 2528 2527 
2608 2609 2529 2528 
2609 2610 2530 2529 
2610 2611 2531 2530 
2611 2612 2532 2531 
2612 2613 2533 2532 
2613 2614 2534 2533 
2614 2615 2535 2534 
2615 2616 2536 2535 
2616 2617 2537 2536 
2617 2618 2538 2537 
2618 2619 2539 2538 
2619 2620 2540 2539 
2620 2621 2541 2540 
2621 2622 2542 2541 
2622 2623 2543 2542 
2623 2624 2544 2543 
2624 2625 2545 2544 
2625 2626 2546 2545 
2626 2627 2547 2546 
2627 2628 2548 2547 
2628 2629 2549 2548 
2629 2630 2550 2549 
2630 2631 2551 2550 
2631 2632 2552 2551 
2632 2633 2553 2552 
2633 2634 2554 2553 
2634 2635 2555 2554 
2635 2636 2556 2555 
2636 2637 2557 2556 
2637 2638 2558 2557 
2638 2639 2559 2558 
2639 2640 2560 2559 
2640 2641 2561 2560 
2641 2642 2562 2561 
2642 2643 2563 2562 
2643 2644 2564 2563 
2644 2645 2565 2564 
2645 2646 2566 2565 
2646 2647 2567 2566 
2647 2648 2568 2567 
2648 2649 2569 2568 
2649 2650 2570 2569 
2650 2651 2571 2570 
2651 2652 2572 2571 
2652 2653 2573 2572 
2653 2654 2574 2573 
2654 2655 2575 2574 
2655 2656 2576 2575 
2656 2657 2577 2576 
2657 2658 2578 2577 
2658 2659 2579 2578 
2659 2660 2580 2579 
2660 2661 2581 2580 
2661 2662 2582 2581 
2662 2663 2583 2582 
2663 2664 2584 2583 
2664 2665 2585 2584 
2665 2666 2586 2585 
2666 2667 2587 2586 
2667 2668 2588 2587 
2668 2669 2589 2588 
2669 2670 2590 2589 
2670 2671 2591 2590 
2671 2672 2592 2591 
2672 2673 2593 2592 
2673 2674 2594 2593 
2674 2675 2595 2594 
2675 2676 2596 2595 
2676 2677 2597 2596 
2677 2678 2598 2597 
2678 2679 2599 2598 
2679 2680 2600 2599 
2680 2601 2521 2600 
2681 2682 2602 2601 
2682 2683 2603 2602 
2683 2684 2604 2603 
2684 2685 2605 2604 
2685 2686 2606 2605 
2686 2687 2607 2606 
2687 2688 2608 2607 
2688 2689 2609 2608 
2689 2690 2610 2609 
2690 2691 2611 2610 
2691 2692 2612 2611 
2692 2693 2613 2612 
2693 2694 2614 2613 
2694 2695 2615 2614 
2695 2696 2616 2615 
2696 2697 2617 2616 
2697 2698 2618 2617 
2698 2699 2619 2618 
2699 2700 2620 2619 
2700 2701 2621 2620 
2701 2702 2622 2621 
2702 2703 2623 2622 
2703 2704 2624 2623 
2704 2705 2625 2624 
2705 2706 2626 2625 
2706 2707 2627 2626 
2707 2708 2628 2627 
2708 2709 2629 2628 
2709 2710 2630 2629 
2710 2711 2631 2630 
2711 2712 2632 2631 
2712 2713 2633 2632 
2713 2714 2634 2633 
2714 2715 2635 2634 
2715 2716 2636 2635 
2716 2717 2637 2636 
2717 2718 2638 2637 
2718 2719 2639 2638 
2719 2720 2640 2639 
2720 2721 2641 2640 
2721 2722 2642 2641 
2722 2723 2643 2642 
2723 2724 2644 2643 
2724 2725 2645 2644 
2725 2726 2646 2645 
2726 2727 2647 2646 
2727 2728 2648 2647 
2728 2729 2649 2648 
2729 2730 2650 2649 
2730 2731 2651 2650 
2731 2732 2652 2651 
2732 2733 2653 2652 
2733 2734 2654 2653 
2734 2735 2655 2654 
2735 2736 2656 2655 
2736 2737 2657 2656 
2737 2738 2658 2657 
2738 2739 2659 2658 
2739 2740 2660 2659 
2740 2741 2661 2660 
2741 2742 2662 2661 
2742 2743 2663 2662 
2743 2744 2664 2663 
2744 2745 2665 2664 
2745 2746 2666 2665 
2746 2747 2667 2666 
2747 2748 2668 2667 
2748 2749 2669 2668 
2749 2750 2670 2669 
2750 2751 2671 2670 
2751 2752 2672 2671 
2752 2753 2673 2672 
2753 2754 2674 2673 
2754 2755 2675 2674 
2755 2756 2676 2675 
2756 2757 2677 2676 
2757 2758 2678 2677 
2758 2759 2679 2678 
2759 2760 2680 2679 
2760 2681 2601 2680 
2761 2762 2682 2681 
2762 2763 2683 2682 
2763 2764 2684 2683 
2764 2765 2685 2684 
2765 2766 2686 2685 
2766 2767 2687 2686 
2767 2768 2688 2687 
2768 2769 2689 2688 
2769 2770 2690 2689 
2770 2771 2691 2690 
2771 2772 2692 2691 
2772 2773 2693 2692 
2773 2774 2694 2693 
2774 2775 2695 2694 
2775 2776 2696 2695 
2776 2777 2697 2696 
2777 2778 2698 2697 
2778 2779 2699 2698 
2779 2780 2700 2699 
2780 2781 2701 2700 
2781 2782 2702 2701 
2782 2783 2703 2702 
2783 2784 2704 2703 
2784 2785 2705 2704 
2785 2786 2706 2705 
2786 2787 2707 2706 
2787 2788 2708 2707 
2788 2789 2709 2708 
2789 2790 2710 2709 
2790 2791 2711 2710 
2791 2792 2712 2711 
2792 2793 2713 2712 
2793 2794 2714 2713 
2794 2795 2715 2714 
2795 2796 2716 2715 
2796 2797 2717 2716 
2797 2798 2718 2717 
2798 2799 2719 2718 
2799 2800 2720 2719 
2800 2801 2721 2720 
2801 2802 2722 2721 
2802 2803 2723 2722 
2803 2804 2724 2723 
2804 2805 2725 2724 
2805 2806 2726 2725 
2806 2807 2727 2726 
2807 2808 2728 2727 
2808 2809 2729 2728 
2809 2810 2730 2729 
2810 2811 2731 2730 
2811 2812 2732 2731 
2812 2813 2733 2732 
2813 2814 2734 2733 
2814 2815 2735 2734 
2815 2816 2736 2735 
2816 2817 2737 2736 
2817 2818 2738 2737 
2818 2819 2739 2738 
2819 2820 2740 2739 
2820 2821 2741 2740 
2821 2822 2742 2741 
2822 2823 2743 2742 
2823 2824 2744 2743 
2824 2825 2745 2744 
2825 2826 2746 2745 
2826 2827 2747 2746 
2827 2828 2748 2747 
2828 2829 2749 2748 
2829 2830 2750 2749 
2830 2831 2751 2750 
2831 2832 2752 2751 
2832 2833 2753 2752 
2833 2834 2754 2753 
2834 2835 2755 2754 
2835 2836 2756 2755 
2836 2837 2757 2756 
2837 2838 2758 2757 
2838 2839 2759 2758 
2839 2840 2760 2759 
2840 2761 2681 2760 
2841 2842 2762 2761 
2842 2843 2763 2762 
2843 2844 2764 2763 
2844 2845 2765 2764 
2845 2846 2766 2765 
2846 2847 2767 2766 
2847 2848 2768 2767 
2848 2849 2769 2768 
2849 2850 2770 2769 
2850 2851 2771 2770 
2851 2852 2772 2771 
2852 2853 2773 2772 
2853 2854 2774 2773 
2854 2855 2775 2774 
2855 2856 2776 2775 
2856 2857 2777 2776 
2857 2858 2778 2777 
2858 2859 2779 2778 
2859 2860 2780 2779 
2860 2861 2781 2780 
2861 2862 2782 2781 
2862 2863 2783 2782 
2863 2864 2784 2783 
2864 2865 2785 2784 
2865 2866 2786 2785 
2866 2867 2787 2786 
2867 2868 2788 2787 
2868 2869 2789 2788 
2869 2870 2790 2789 
2870 2871 2791 2790 
2871 2872 2792 2791 
2872 2873 2793 2792 
2873 2874 2794 2793 
2874 2875 2795 2794 
2875 2876 2796 2795 
2876 2877 2797 2796 
2877 2878 2798 2797 
2878 2879 2799 2798 
2879 2880 2800 2799 
2880 2881 2801 2800 
2881 2882 2802 2801 
2882 2883 2803 2802 
2883 2884 2804 2803 
2884 2885 2805 2804 
2885 2886 2806 2805 
2886 2887 2807 2806 
2887 2888 2808 2807 
2888 2889 2809 2808 
2889 2890 2810 2809 
2890 2891 2811 2810 
2891 2892 2812 2811 
2892 2893 2813 2812 
2893 2894 2814 2813 
2894 2895 2815 2814 
2895 2896 2816 2815 
2896 2897 2817 2816 
2897 2898 2818 2817 
2898 2899 2819 2818 
2899 2900 2820 2819 
2900 2901 2821 2820 
2901 2902 2822 2821 
2902 2903 2823 2822 
2903 2904 2824 2823 
2904 2905 2825 2824 
2905 2906 2826 2825 
2906 2907 2827 2826 
2907 2908 2828 2827 
2908 2909 2829 2828 
2909 2910 2830 2829 
2910 2911 2831 2830 
2911 2912 2832 2831 
2912 2913 2833 2832 
2913 2914 2834 2833 
2914 2915 2835 2834 
2915 2916 2836 2835 
2916 2917 2837 2836 
2917 2918 2838 2837 
2918 2919 2839 2838 
2919 2920 2840 2839 
2920 2841 2761 2840 
2921 2922 2842 2841 
2922 2923 2843 2842 
2923 2924 2844 2843 
2924 2925 2845 2844 
2925 2926 2846 2845 
2926 2927 2847 2846 
2927 2928 2848 2847 
2928 2929 2849 2848 
2929 2930 2850 2849 
2930 2931 2851 2850 
2931 2932 2852 2851 
2932 2933 2853 2852 
2933 2934 2854 2853 
2934 2935 2855 2854 
2935 2936 2856 2855 
2936 2937 2857 2856 
2937 2938 2858 2857 
2938 2939 2859 2858 
2939 2940 2860 2859 
2940 2941 2861 2860 
2941 2942 2862 2861 
2942 2943 2863 2862 
2943 2944 2864 2863 
2944 2945 2865 2864 
2945 2946 2866 2865 
2946 2947 2867 2866 
2947 2948 2868 2867 
2948 2949 2869 2868 
2949 2950 2870 2869 
2950 2951 2871 2870 
2951 2952 2872 2871 
2952 2953 2873 2872 
2953 2954 2874 2873 
2954 2955 2875 2874 
2955 2956 2876 2875 
2956 2957 2877 2876 
2957 2958 2878 2877 
2958 2959 2879 2878 
2959 2960 2880 2879 
2960 2961 2881 2880 
2961 2962 2882 2881 
2962 2963 2883 2882 
2963 2964 2884 2883 
2964 2965 2885 2884 
2965 2966 2886 2885 
2966 2967 2887 2886 
2967 2968 2888 2887 
2968 2969 2889 2888 
2969 2970 2890 2889 
2970 2971 2891 2890 
2971 2972 2892 2891 
2972 2973 2893 2892 
2973 2974 2894 2893 
2974 2975 2895 2894 
2975 2976 2896 2895 
2976 2977 2897 2896 
2977 2978 2898 2897 
2978 2979 2899 2898 
2979 2980 2900 2899 
2980 2981 2901 2900 
2981 2982 2902 2901 
2982 2983 2903 2902 
2983 2984 2904 2903 
2984 2985 2905 2904 
2985 2986 2906 2905 
2986 2987 2907 2906 
2987 2988 2908 2907 
2988 2989 2909 2908 
2989 2990 2910 2909 
2990 2991 2911 2910 
2991 2992 2912 2911 
2992 2993 2913 2912 
2993 2994 2914 2913 
2994 2995 2915 2914 
2995 2996 2916 2915 
2996 2997 2917 2916 
2997 2998 2918 2917 
2998 2999 2919 2918 
2999 3000 2920 2919 
3000 2921 2841 2920 
3001 3002 2922 2921 
3002 3003 2923 2922 
3003 3004 2924 2923 
3004 3005 2925 2924 
3005 3006 2926 2925 
3006 3007 2927 2926 
3007 3008 2928 2927 
3008 3009 2929 2928 
3009 3010 2930 2929 
3010 3011 2931 2930 
3011 3012 2932 2931 
3012 3013 2933 2932 
3013 3014 2934 2933 
3014 3015 2935 2934 
3015 3016 2936 2935 
3016 3017 2937 2936 
3017 3018 2938 2937 
3018 3019 2939 2938 
3019 3020 2940 2939 
3020 3021 2941 2940 
3021 3022 2942 2941 
3022 3023 2943 2942 
3023 3024 2944 2943 
3024 3025 2945 2944 
3025 3026 2946 2945 
3026 3027 2947 2946 
3027 3028 2948 2947 
3028 3029 2949 2948 
3029 3030 2950 2949 
3030 3031 2951 2950 
3031 3032 2952 2951 
3032 3033 2953 2952 
3033 3034 2954 2953 
3034 3035 2955 2954 
3035 3036 2956 2955 
3036 3037 2957 2956 
3037 3038 2958 2957 
3038 3039 2959 2958 
3039 3040 2960 2959 
3040 3041 2961 2960 
3041 3042 2962 2961 
3042 3043 2963 2962 
3043 3044 2964 2963 
3044 3045 2965 2964 
3045 3046 2966 2965 
3046 3047 2967 2966 
3047 3048 2968 2967 
3048 3049 2969 2968 
3049 3050 2970 2969 
3050 3051 2971 2970 
3051 3052 2972 2971 
3052 3053 2973 2972 
3053 3054 2974 2973 
3054 3055 2975 2974 
3055 3056 2976 2975 
3056 3057 2977 2976 
3057 3058 2978 2977 
3058 3059 2979 2978 
3059 3060 2980 2979 
3060 3061 2981 2980 
3061 3062 2982 2981 
3062 3063 2983 2982 
3063 3064 2984 2983 
3064 3065 2985 2984 
3065 3066 2986 2985 
3066 3067 2987 2986 
3067 3068 2988 2987 
3068 3069 2989 2988 
3069 3070 2990 2989 
3070 3071 2991 2990 
3071 3072 2992 2991 
3072 3073 2993 2992 
3073 3074 2994 2993 
3074 3075 2995 2994 
3075 3076 2996 2995 
3076 3077 2997 2996 
3077 3078 2998 2997 
3078 3079 2999 2998 
3079 3080 3000 2999 
3080 3001 2921 3000 
3081 3082 3002 3001 
3082 3083 3003 3002 
3083 3084 3004 3003 
3084 3085 3005 3004 
3085 3086 3006 3005 
3086 3087 3007 3006 
3087 3088 3008 3007 
3088 3089 3009 3008 
3089 3090 3010 3009 
3090 3091 3011 3010 
3091 3092 3012 3011 
3092 3093 3013 3012 
3093 3094 3014 3013 
3094 3095 3015 3014 
3095 3096 3016 3015 
3096 3097 3017 3016 
3097 3098 3018 3017 
3098 3099 3019 3018 
3099 3100 3020 3019 
3100 3101 3021 3020 
3101 3102 3022 3021 
3102 3103 3023 3022 
3103 3104 3024 3023 
3104 3105 3025 3024 
3105 3106 3026 3025 
3106 3107 3027 3026 
3107 3108 3028 3027 
3108 3109 3029 3028 
3109 3110 3030 3029 
3110 3111 3031 3030 
3111 3112 3032 3031 
3112 3113 3033 3032 
3113 3114 3034 3033 
3114 3115 3035 3034 
3115 3116 3036 3035 
3116 3117 3037 3036 
3117 3118 3038 3037 
3118 3119 3039 3038 
3119 3120 3040 3039 
3120 3121 3041 3040 
3121 3122 3042 3041 
3122 3123 3043 3042 
3123 3124 3044 3043 
3124 3125 3045 3044 
3125 3126 3046 3045 
3126 3127 3047 3046 
3127 3128 3048 3047 
3128 3129 3049 3048 
3129 3130 3050 3049 
3130 3131 3051 3050 
3131 3132 3052 3051 
3132 3133 3053 3052 
3133 3134 3054 3053 
3134 3135 3055 3054 
3135 3136 3056 3055 
3136 3137 3057 3056 
3137 3138 3058 3057 
3138 3139 3059 3058 
3139 3140 3060 3059 
3140 3141 3061 3060 
3141 3142 3062 3061 
3142 3143 3063 3062 
3143 3144 3064 3063 
3144 3145 3065 3064 
3145 3146 3066 3065 
3146 3147 3067 3066 
3147 3148 3068 3067 
3148 3149 3069 3068 
3149 3150 3070 3069 
3150 3151 3071 3070 
3151 3152 3072 3071 
3152 3153 3073 3072 
3153 3154 3074 3073 
3154 3155 3075 3074 
3155 3156 3076 3075 
3156 3157 3077 3076 
3157 3158 3078 3077 
3158 3159 3079 3078 
3159 3160 3080 3079 
3160 3081 3001 3080 
3161 3162 3082 3081 
3162 3163 3083 3082 
3163 3164 3084 3083 
3164 3165 3085 3084 
3165 3166 3086 3085 
3166 3167 3087 3086 
3167 3168 3088 3087 
3168 3169 3089 3088 
3169 3170 3090 3089 
3170 3171 3091 3090 
3171 3172 3092 3091 
3172 3173 3093 3092 
3173 3174 3094 3093 
3174 3175 3095 3094 
3175 3176 3096 3095 
3176 3177 3097 3096 
3177 3178 3098 3097 
3178 3179 3099 3098 
3179 3180 3100 3099 
3180 3181 3101 3100 
3181 3182 3102 3101 
3182 3183 3103 3102 
3183 3184 3104 3103 
3184 3185 3105 3104 
3185 3186 3106 3105 
3186 3187 3107 3106 
3187 3188 3108 3107 
3188 3189 3109 3108 
3189 3190 3110 3109 
3190 3191 3111 3110 
3191 3192 3112 3111 
3192 3193 3113 3112 
3193 3194 3114 3113 
3194 3195 3115 3114 
3195 3196 3116 3115 
3196 3197 3117 3116 
3197 3198 3118 3117 
3198 3199 3119 3118 
3199 3200 3120 3119 
3200 3201 3121 3120 
3201 3202 3122 3121 
3202 3203 3123 3122 
3203 3204 3124 3123 
3204 3205 3125 3124 
3205 3206 3126 3125 
3206 3207 3127 3126 
3207 3208 3128 3127 
3208 3209 3129 3128 
3209 3210 3130 3129 
3210 3211 3131 3130 
3211 3212 3132 3131 
3212 3213 3133 3132 
3213 3214 3134 3133 
3214 3215 3135 3134 
3215 3216 3136 3135 
3216 3217 3137 3136 
3217 3218 3138 3137 
3218 3219 3139 3138 
3219 3220 3140 3139 
3220 3221 3141 3140 
3221 3222 3142 3141 
3222 3223 3143 3142 
3223 3224 3144 3143 
3224 3225 3145 3144 
3225 3226 3146 3145 
3226 3227 3147 3146 
3227 3228 3148 3147 
3228 3229 3149 3148 
3229 3230 3150 3149 
3230 3231 3151 3150 
3231 3232 3152 3151 
3232 3233 3153 3152 
3233 3234 3154 3153 
3234 3235 3155 3154 
3235 3236 3156 3155 
3236 3237 3157 3156 
3237 3238 3158 3157 
3238 3239 3159 3158 
3239 3240 3160 3159 
3240 3161 3081 3160 
3241 3242 3162 3161 
3242 3243 3163 3162 
3243 3244 3164 3163 
3244 3245 3165 3164 
3245 3246 3166 3165 
3246 3247 3167 3166 
3247 3248 3168 3167 
3248 3249 3169 3168 
3249 3250 3170 3169 
3250 3251 3171 3170 
3251 3252 3172 3171 
3252 3253 3173 3172 
3253 3254 3174 3173 
3254 3255 3175 3174 
3255 3256 3176 3175 
3256 3257 3177 3176 
3257 3258 3178 3177 
3258 3259 3179 3178 
3259 3260 3180 3179 
3260 3261 3181 3180 
3261 3262 3182 3181 
3262 3263 3183 3182 
3263 3264 3184 3183 
3264 3265 3185 3184 
3265 3266 3186 3185 
3266 3267 3187 3186 
3267 3268 3188 3187 
3268 3269 3189 3188 
3269 3270 3190 3189 
3270 3271 3191 3190 
3271 3272 3192 3191 
3272 3273 3193 3192 
3273 3274 3194 3193 
3274 3275 3195 3194 
3275 3276 3196 3195 
3276 3277 3197 3196 
3277 3278 3198 3197 
3278 3279 3199 3198 
3279 3280 3200 3199 
3280 3281 3201 3200 
3281 3282 3202 3201 
3282 3283 3203 3202 
3283 3284 3204 3203 
3284 3285 3205 3204 
3285 3286 3206 3205 
3286 3287 3207 3206 
3287 3288 3208 3207 
3288 3289 3209 3208 
3289 3290 3210 3209 
3290 3291 3211 3210 
3291 3292 3212 3211 
3292 3293 3213 3212 
3293 3294 3214 3213 
3294 3295 3215 3214 
3295 3296 3216 3215 
3296 3297 3217 3216 
3297 3298 3218 3217 
3298 3299 3219 3218 
3299 3300 3220 3219 
3300 3301 3221 3220 
3301 3302 3222 3221 
3302 3303 3223 3222 
3303 3304 3224 3223 
3304 3305 3225 3224 
3305 3306 3226 3225 
3306 3307 3227 3226 
3307 3308 3228 3227 
3308 3309 3229 3228 
3309 3310 3230 3229 
3310 3311 3231 3230 
3311 3312 3232 3231 
3312 3313 3233 3232 
3313 3314 3234 3233 
3314 3315 3235 3234 
3315 3316 3236 3235 
3316 3317 3237 3236 
3317 3318 3238 3237 
3318 3319 3239 3238 
3319 3320 3240 3239 
3320 3241 3161 3240 
3321 3322 3242 3241 
3322 3323 3243 3242 
3323 3324 3244 3243 
3324 3325 3245 3244 
3325 3326 3246 3245 
3326 3327 3247 3246 
3327 3328 3248 3247 
3328 3329 3249 3248 
3329 3330 3250 3249 
3330 3331 3251 3250 
3331 3332 3252 3251 
3332 3333 3253 3252 
3333 3334 3254 3253 
3334 3335 3255 3254 
3335 3336 3256 3255 
3336 3337 3257 3256 
3337 3338 3258 3257 
3338 3339 3259 3258 
3339 3340 3260 3259 
3340 3341 3261 3260 
3341 3342 3262 3261 
3342 3343 3263 3262 
3343 3344 3264 3263 
3344 3345 3265 3264 
3345 3346 3266 3265 
3346 3347 3267 3266 
3347 3348 3268 3267 
3348 3349 3269 3268 
3349 3350 3270 3269 
3350 3351 3271 3270 
3351 3352 3272 3271 
3352 3353 3273 3272 
3353 3354 3274 3273 
3354 3355 3275 3274 
3355 3356 3276 3275 
3356 3357 3277 3276 
3357 3358 3278 3277 
3358 3359 3279 3278 
3359 3360 3280 3279 
3360 3361 3281 3280 
3361 3362 3282 3281 
3362 3363 3283 3282 
3363 3364 3284 3283 
3364 3365 3285 3284 
3365 3366 3286 3285 
3366 3367 3287 3286 
3367 3368 3288 3287 
3368 3369 3289 3288 
3369 3370 3290 3289 
3370 3371 3291 3290 
3371 3372 3292 3291 
3372 3373 3293 3292 
3373 3374 3294 3293 
3374 3375 3295 3294 
3375 3376 3296 3295 
3376 3377 3297 3296 
3377 3378 3298 3297 
3378 3379 3299 3298 
3379 3380 3300 3299 
3380 3381 3301 3300 
3381 3382 3302 3301 
3382 3383 3303 3302 
3383 3384 3304 3303 
3384 3385 3305 3304 
3385 3386 3306 3305 
3386 3387 3307 3306 
3387 3388 3308 3307 
3388 3389 3309 3308 
3389 3390 3310 3309 
3390 3391 3311 3310 
3391 3392 3312 3311 
3392 3393 3313 3312 
3393 3394 3314 3313 
3394 3395 3315 3314 
3395 3396 3316 3315 
3396 3397 3317 3316 
3397 3398 3318 3317 
3398 3399 3319 3318 
3399 3400 3320 3319 
3400 3321 3241 3320 
3401 3402 3322 3321 
3402 3403 3323 3322 
3403 3404 3324 3323 
3404 3405 3325 3324 
3405 3406 3326 3325 
3406 3407 3327 3326 
3407 3408 3328 3327 
3408 3409 3329 3328 
3409 3410 3330 3329 
3410 3411 3331 3330 
3411 3412 3332 3331 
3412 3413 3333 3332 
3413 3414 3334 3333 
3414 3415 3335 3334 
3415 3416 3336 3335 
3416 3417 3337 3336 
3417 3418 3338 3337 
3418 3419 3339 3338 
3419 3420 3340 3339 
3420 3421 3341 3340 
3421 3422 3342 3341 
3422 3423 3343 3342 
3423 3424 3344 3343 
3424 3425 3345 3344 
3425 3426 3346 3345 
3426 3427 3347 3346 
3427 3428 3348 3347 
3428 3429 3349 3348 
3429 3430 3350 3349 
3430 3431 3351 3350 
3431 3432 3352 3351 
3432 3433 3353 3352 
3433 3434 3354 3353 
3434 3435 3355 3354 
3435 3436 3356 3355 
3436 3437 3357 3356 
3437 3438 3358 3357 
3438 3439 3359 3358 
3439 3440 3360 3359 
3440 3441 3361 3360 
3441 3442 3362 3361 
3442 3443 3363 3362 
3443 3444 3364 3363 
3444 3445 3365 3364 
3445 3446 3366 3365 
3446 3447 3367 3366 
3447 3448 3368 3367 
3448 3449 3369 3368 
3449 3450 3370 3369 
3450 3451 3371 3370 
3451 3452 3372 3371 
3452 3453 3373 3372 
3453 3454 3374 3373 
3454 3455 3375 3374 
3455 3456 3376 3375 
3456 3457 3377 3376 
3457 3458 3378 3377 
3458 3459 3379 3378 
3459 3460 3380 3379 
3460 3461 3381 3380 
3461 3462 3382 3381 
3462 3463 3383 3382 
3463 3464 3384 3383 
3464 3465 3385 3384 
3465 3466 3386 3385 
3466 3467 3387 3386 
3467 3468 3388 3387 
3468 3469 3389 3388 
3469 3470 3390 3389 
3470 3471 3391 3390 
3471 3472 3392 3391 
3472 3473 3393 3392 
3473 3474 3394 3393 
3474 3475 3395 3394 
3475 3476 3396 3395 
3476 3477 3397 3396 
3477 3478 3398 3397 
3478 3479 3399 3398 
3479 3480 3400 3399 
3480 3401 3321 3400 
3481 3482 3402 3401 
3482 3483 3403 3402 
3483 3484 3404 3403 
3484 3485 3405 3404 
3485 3486 3406 3405 
3486 3487 3407 3406 
3487 3488 3408 3407 
3488 3489 3409 3408 
3489 3490 3410 3409 
3490 3491 3411 3410 
3491 3492 3412 3411 
3492 3493 3413 3412 
3493 3494 3414 3413 
3494 3495 3415 3414 
3495 3496 3416 3415 
3496 3497 3417 3416 
3497 3498 3418 3417 
3498 3499 3419 3418 
3499 3500 3420 3419 
3500 3501 3421 3420 
3501 3502 3422 3421 
3502 3503 3423 3422 
3503 3504 3424 3423 
3504 3505 3425 3424 
3505 3506 3426 3425 
3506 3507 3427 3426 
3507 3508 3428 3427 
3508 3509 3429 3428 
3509 3510 3430 3429 
3510 3511 3431 3430 
3511 3512 3432 3431 
3512 3513 3433 3432 
3513 3514 3434 3433 
3514 3515 3435 3434 
3515 3516 3436 3435 
3516 3517 3437 3436 
3517 3518 3438 3437 
3518 3519 3439 3438 
3519 3520 3440 3439 
3520 3521 3441 3440 
3521 3522 3442 3441 
3522 3523 3443 3442 
3523 3524 3444 3443 
3524 3525 3445 3444 
3525 3526 3446 3445 
3526 3527 3447 3446 
3527 3528 3448 3447 
3528 3529 3449 3448 
3529 3530 3450 3449 
3530 3531 3451 3450 
3531 3532 3452 3451 
3532 3533 3453 3452 
3533 3534 3454 3453 
3534 3535 3455 3454 
3535 3536 3456 3455 
3536 3537 3457 3456 
3537 3538 3458 3457 
3538 3539 3459 3458 
3539 3540 3460 3459 
3540 3541 3461 3460 
3541 3542 3462 3461 
3542 3543 3463 3462 
3543 3544 3464 3463 
3544 3545 3465 3464 
3545 3546 3466 3465 
3546 3547 3467 3466 
3547 3548 3468 3467 
3548 3549 3469 3468 
3549 3550 3470 3469 
3550 3551 3471 3470 
3551 3552 3472 3471 
3552 3553 3473 3472 
3553 3554 3474 3473 
3554 3555 3475 3474 
3555 3556 3476 3475 
3556 3557 3477 3476 
3557 3558 3478 3477 
3558 3559 3479 3478 
3559 3560 3480 3479 
3560 3481 3401 3480 
3561 3562 3482 3481 
3562 3563 3483 3482 
3563 3564 3484 3483 
3564 3565 3485 3484 
3565 3566 3486 3485 
3566 3567 3487 3486 
3567 3568 3488 3487 
3568 3569 3489 3488 
3569 3570 3490 3489 
3570 3571 3491 3490 
3571 3572 3492 3491 
3572 3573 3493 3492 
3573 3574 3494 3493 
3574 3575 3495 3494 
3575 3576 3496 3495 
3576 3577 3497 3496 
3577 3578 3498 3497 
3578 3579 3499 3498 
3579 3580 3500 3499 
3580 3581 3501 3500 
3581 3582 3502 3501 
3582 3583 3503 3502 
3583 3584 3504 3503 
3584 3585 3505 3504 
3585 3586 3506 3505 
3586 3587 3507 3506 
3587 3588 3508 3507 
3588 3589 3509 3508 
3589 3590 3510 3509 
3590 3591 3511 3510 
3591 3592 3512 3511 
3592 3593 3513 3512 
3593 3594 3514 3513 
3594 3595 3515 3514 
3595 3596 3516 3515 
3596 3597 3517 3516 
3597 3598 3518 3517 
3598 3599 3519 3518 
3599 3600 3520 3519 
3600 3601 3521 3520 
3601 3602 3522 3521 
3602 3603 3523 3522 
3603 3604 3524 3523 
3604 3605 3525 3524 
3605 3606 3526 3525 
3606 3607 3527 3526 
3607 3608 3528 3527 
3608 3609 3529 3528 
3609 3610 3530 3529 
3610 3611 3531 3530 
3611 3612 3532 3531 
3612 3613 3533 3532 
3613 3614 3534 3533 
3614 3615 3535 3534 
3615 3616 3536 3535 
3616 3617 3537 3536 
3617 3618 3538 3537 
3618 3619 3539 3538 
3619 3620 3540 3539 
3620 3621 3541 3540 
3621 3622 3542 3541 
3622 3623 3543 3542 
3623 3624 3544 3543 
3624 3625 3545 3544 
3625 3626 3546 3545 
3626 3627 3547 3546 
3627 3628 3548 3547 
3628 3629 3549 3548 
3629 3630 3550 3549 
3630 3631 3551 3550 
3631 3632 3552 3551 
3632 3633 3553 3552 
3633 3634 3554 3553 
3634 3635 3555 3554 
3635 3636 3556 3555 
3636 3637 3557 3556 
3637 3638 3558 3557 
3638 3639 3559 3558 
3639 3640 3560 3559 
3640 3561 3481 3560 
3641 3642 3562 3561 
3642 3643 3563 3562 
3643 3644 3564 3563 
3644 3645 3565 3564 
3645 3646 3566 3565 
3646 3647 3567 3566 
3647 3648 3568 3567 
3648 3649 3569 3568 
3649 3650 3570 3569 
3650 3651 3571 3570 
3651 3652 3572 3571 
3652 3653 3573 3572 
3653 3654 3574 3573 
3654 3655 3575 3574 
3655 3656 3576 3575 
3656 3657 3577 3576 
3657 3658 3578 3577 
3658 3659 3579 3578 
3659 3660 3580 3579 
3660 3661 3581 3580 
3661 3662 3582 3581 
3662 3663 3583 3582 
3663 3664 3584 3583 
3664 3665 3585 3584 
3665 3666 3586 3585 
3666 3667 3587 3586 
3667 3668 3588 3587 
3668 3669 3589 3588 
3669 3670 3590 3589 
3670 3671 3591 3590 
3671 3672 3592 3591 
3672 3673 3593 3592 
3673 3674 3594 3593 
3674 3675 3595 3594 
3675 3676 3596 3595 
3676 3677 3597 3596 
3677 3678 3598 3597 
3678 3679 3599 3598 
3679 3680 3600 3599 
3680 3681 3601 3600 
3681 3682 3602 3601 
3682 3683 3603 3602 
3683 3684 3604 3603 
3684 3685 3605 3604 
3685 3686 3606 3605 
3686 3687 3607 3606 
3687 3688 3608 3607 
3688 3689 3609 3608 
3689 3690 3610 3609 
3690 3691 3611 3610 
3691 3692 3612 3611 
3692 3693 3613 3612 
3693 3694 3614 3613 
3694 3695 3615 3614 
3695 3696 3616 3615 
3696 3697 3617 3616 
3697 3698 3618 3617 
3698 3699 3619 3618 
3699 3700 3620 3619 
3700 3701 3621 3620 
3701 3702 3622 3621 
3702 3703 3623 3622 
3703 3704 3624 3623 
3704 3705 3625 3624 
3705 3706 3626 3625 
3706 3707 3627 3626 
3707 3708 3628 3627 
3708 3709 3629 3628 
3709 3710 3630 3629 
3710 3711 3631 3630 
3711 3712 3632 3631 
3712 3713 3633 3632 
3713 3714 3634 3633 
3714 3715 3635 3634 
3715 3716 3636 3635 
3716 3717 3637 3636 
3717 3718 3638 3637 
3718 3719 3639 3638 
3719 3720 3640 3639 
3720 3641 3561 3640 
3721 3722 3642 3641 
3722 3723 3643 3642 
3723 3724 3644 3643 
3724 3725 3645 3644 
3725 3726 3646 3645 
3726 3727 3647 3646 
3727 3728 3648 3647 
3728 3729 3649 3648 
3729 3730 3650 3649 
3730 3731 3651 3650 
3731 3732 3652 3651 
3732 3733 3653 3652 
3733 3734 3654 3653 
3734 3735 3655 3654 
3735 3736 3656 3655 
3736 3737 3657 3656 
3737 3738 3658 3657 
3738 3739 3659 3658 
3739 3740 3660 3659 
3740 3741 3661 3660 
3741 3742 3662 3661 
3742 3743 3663 3662 
3743 3744 3664 3663 
3744 3745 3665 3664 
3745 3746 3666 3665 
3746 3747 3667 3666 
3747 3748 3668 3667 
3748 3749 3669 3668 
3749 3750 3670 3669 
3750 3751 3671 3670 
3751 3752 3672 3671 
3752 3753 3673 3672 
3753 3754 3674 3673 
3754 3755 3675 3674 
3755 3756 3676 3675 
3756 3757 3677 3676 
3757 3758 3678 3677 
3758 3759 3679 3678 
3759 3760 3680 3679 
3760 3761 3681 3680 
3761 3762 3682 3681 
3762 3763 3683 3682 
3763 3764 3684 3683 
3764 3765 3685 3684 
3765 3766 3686 3685 
3766 3767 3687 3686 
3767 3768 3688 3687 
3768 3769 3689 3688 
3769 3770 3690 3689 
3770 3771 3691 3690 
3771 3772 3692 3691 
3772 3773 3693 3692 
3773 3774 3694 3693 
3774 3775 3695 3694 
3775 3776 3696 3695 
3776 3777 3697 3696 
3777 3778 3698 3697 
3778 3779 3699 3698 
3779 3780 3700 3699 
3780 3781 3701 3700 
3781 3782 3702 3701 
3782 3783 3703 3702 
3783 3784 3704 3703 
3784 3785 3705 3704 
3785 3786 3706 3705 
3786 3787 3707 3706 
3787 3788 3708 3707 
3788 3789 3709 3708 
3789 3790 3710 3709 
3790 3791 3711 3710 
3791 3792 3712 3711 
3792 3793 3713 3712 
3793 3794 3714 3713 
3794 3795 3715 3714 
3795 3796 3716 3715 
3796 3797 3717 3716 
3797 3798 3718 3717 
3798 3799 3719 3718 
3799 3800 3720 3719 
3800 3721 3641 3720 
3801 3802 3722 3721 
3802 3803 3723 3722 
3803 3804 3724 3723 
3804 3805 3725 3724 
3805 3806 3726 3725 
3806 3807 3727 3726 
3807 3808 3728 3727 
3808 3809 3729 3728 
3809 3810 3730 3729 
3810 3811 3731 3730 
3811 3812 3732 3731 
3812 3813 3733 3732 
3813 3814 3734 3733 
3814 3815 3735 3734 
3815 3816 3736 3735 
3816 3817 3737 3736 
3817 3818 3738 3737 
3818 3819 3739 3738 
3819 3820 3740 3739 
3820 3821 3741 3740 
3821 3822 3742 3741 
3822 3823 3743 3742 
3823 3824 3744 3743 
3824 3825 3745 3744 
3825 3826 3746 3745 
3826 3827 3747 3746 
3827 3828 3748 3747 
3828 3829 3749 3748 
3829 3830 3750 3749 
3830 3831 3751 3750 
3831 3832 3752 3751 
3832 3833 3753 3752 
3833 3834 3754 3753 
3834 3835 3755 3754 
3835 3836 3756 3755 
3836 3837 3757 3756 
3837 3838 3758 3757 
3838 3839 3759 3758 
3839 3840 3760 3759 
3840 3841 3761 3760 
3841 3842 3762 3761 
3842 3843 3763 3762 
3843 3844 3764 3763 
3844 3845 3765 3764 
3845 3846 3766 3765 
3846 3847 3767 3766 
3847 3848 3768 3767 
3848 3849 3769 3768 
3849 3850 3770 3769 
3850 3851 3771 3770 
3851 3852 3772 3771 
3852 3853 3773 3772 
3853 3854 3774 3773 
3854 3855 3775 3774 
3855 3856 3776 3775 
3856 3857 3777 3776 
3857 3858 3778 3777 
3858 3859 3779 3778 
3859 3860 3780 3779 
3860 3861 3781 3780 
3861 3862 3782 3781 
3862 3863 3783 3782 
3863 3864 3784 3783 
3864 3865 3785 3784 
3865 3866 3786 3785 
3866 3867 3787 3786 
3867 3868 3788 3787 
3868 3869 3789 3788 
3869 3870 3790 3789 
3870 3871 3791 3790 
3871 3872 3792 3791 
3872 3873 3793 3792 
3873 3874 3794 3793 
3874 3875 3795 3794 
3875 3876 3796 3795 
3876 3877 3797 3796 
3877 3878 3798 3797 
3878 3879 3799 3798 
3879 3880 3800 3799 
3880 3801 3721 3800 
3881 3882 3802 3801 
3882 3883 3803 3802 
3883 3884 3804 3803 
3884 3885 3805 3804 
3885 3886 3806 3805 
3886 3887 3807 3806 
3887 3888 3808 3807 
3888 3889 3809 3808 
3889 3890 3810 3809 
3890 3891 3811 3810 
3891 3892 3812 3811 
3892 3893 3813 3812 
3893 3894 3814 3813 
3894 3895 3815 3814 
3895 3896 3816 3815 
3896 3897 3817 3816 
3897 3898 3818 3817 
3898 3899 3819 3818 
3899 3900 3820 3819 
3900 3901 3821 3820 
3901 3902 3822 3821 
3902 3903 3823 3822 
3903 3904 3824 3823 
3904 3905 3825 3824 
3905 3906 3826 3825 
3906 3907 3827 3826 
3907 3908 3828 3827 
3908 3909 3829 3828 
3909 3910 3830 3829 
3910 3911 3831 3830 
3911 3912 3832 3831 
3912 3913 3833 3832 
3913 3914 3834 3833 
3914 3915 3835 3834 
3915 3916 3836 3835 
3916 3917 3837 3836 
3917 3918 3838 3837 
3918 3919 3839 3838 
3919 3920 3840 3839 
3920 3921 3841 3840 
3921 3922 3842 3841 
3922 3923 3843 3842 
3923 3924 3844 3843 
3924 3925 3845 3844 
3925 3926 3846 3845 
3926 3927 3847 3846 
3927 3928 3848 3847 
3928 3929 3849 3848 
3929 3930 3850 3849 
3930 3931 3851 3850 
3931 3932 3852 3851 
3932 3933 3853 3852 
3933 3934 3854 3853 
3934 3935 3855 3854 
3935 3936 3856 3855 
3936 3937 3857 3856 
3937 3938 3858 3857 
3938 3939 3859 3858 
3939 3940 3860 3859 
3940 3941 3861 3860 
3941 3942 3862 3861 
3942 3943 3863 3862 
3943 3944 3864 3863 
3944 3945 3865 3864 
3945 3946 3866 3865 
3946 3947 3867 3866 
3947 3948 3868 3867 
3948 3949 3869 3868 
3949 3950 3870 3869 
3950 3951 3871 3870 
3951 3952 3872 3871 
3952 3953 3873 3872 
3953 3954 3874 3873 
3954 3955 3875 3874 
3955 3956 3876 3875 
3956 3957 3877 3876 
3957 3958 3878 3877 
3958 3959 3879 3878 
3959 3960 3880 3879 
3960 3881 3801 3880 
