23766 23787 23788 23767 
23767 23788 23789 23768 
23768 23789 23790 23769 
23769 23790 23791 23770 
23770 23791 23792 23771 
23771 23792 23793 23772 
23772 23793 23794 23773 
23773 23794 23795 23774 
23774 23795 23796 23775 
23775 23796 23797 23776 
23776 23797 23798 23777 
23777 23798 23799 23778 
23778 23799 23800 23779 
23779 23800 23801 23780 
23780 23801 23802 23781 
23781 23802 23803 23782 
23782 23803 23804 23783 
23783 23804 23805 23784 
23784 23805 23806 23785 
23785 23806 23807 23786 
23787 23808 23809 23788 
23788 23809 23810 23789 
23789 23810 23811 23790 
23790 23811 23812 23791 
23791 23812 23813 23792 
23792 23813 23814 23793 
23793 23814 23815 23794 
23794 23815 23816 23795 
23795 23816 23817 23796 
23796 23817 23818 23797 
23797 23818 23819 23798 
23798 23819 23820 23799 
23799 23820 23821 23800 
23800 23821 23822 23801 
23801 23822 23823 23802 
23802 23823 23824 23803 
23803 23824 23825 23804 
23804 23825 23826 23805 
23805 23826 23827 23806 
23806 23827 23828 23807 
23808 23829 23830 23809 
23809 23830 23831 23810 
23810 23831 23832 23811 
23811 23832 23833 23812 
23812 23833 23834 23813 
23813 23834 23835 23814 
23814 23835 23836 23815 
23815 23836 23837 23816 
23816 23837 23838 23817 
23817 23838 23839 23818 
23818 23839 23840 23819 
23819 23840 23841 23820 
23820 23841 23842 23821 
23821 23842 23843 23822 
23822 23843 23844 23823 
23823 23844 23845 23824 
23824 23845 23846 23825 
23825 23846 23847 23826 
23826 23847 23848 23827 
23827 23848 23849 23828 
23829 23850 23851 23830 
23830 23851 23852 23831 
23831 23852 23853 23832 
23832 23853 23854 23833 
23833 23854 23855 23834 
23834 23855 23856 23835 
23835 23856 23857 23836 
23836 23857 23858 23837 
23837 23858 23859 23838 
23838 23859 23860 23839 
23839 23860 23861 23840 
23840 23861 23862 23841 
23841 23862 23863 23842 
23842 23863 23864 23843 
23843 23864 23865 23844 
23844 23865 23866 23845 
23845 23866 23867 23846 
23846 23867 23868 23847 
23847 23868 23869 23848 
23848 23869 23870 23849 
23850 23871 23872 23851 
23851 23872 23873 23852 
23852 23873 23874 23853 
23853 23874 23875 23854 
23854 23875 23876 23855 
23855 23876 23877 23856 
23856 23877 23878 23857 
23857 23878 23879 23858 
23858 23879 23880 23859 
23859 23880 23881 23860 
23860 23881 23882 23861 
23861 23882 23883 23862 
23862 23883 23884 23863 
23863 23884 23885 23864 
23864 23885 23886 23865 
23865 23886 23887 23866 
23866 23887 23888 23867 
23867 23888 23889 23868 
23868 23889 23890 23869 
23869 23890 23891 23870 
23871 23892 23893 23872 
23872 23893 23894 23873 
23873 23894 23895 23874 
23874 23895 23896 23875 
23875 23896 23897 23876 
23876 23897 23898 23877 
23877 23898 23899 23878 
23878 23899 23900 23879 
23879 23900 23901 23880 
23880 23901 23902 23881 
23881 23902 23903 23882 
23882 23903 23904 23883 
23883 23904 23905 23884 
23884 23905 23906 23885 
23885 23906 23907 23886 
23886 23907 23908 23887 
23887 23908 23909 23888 
23888 23909 23910 23889 
23889 23910 23911 23890 
23890 23911 23912 23891 
23892 23913 23914 23893 
23893 23914 23915 23894 
23894 23915 23916 23895 
23895 23916 23917 23896 
23896 23917 23918 23897 
23897 23918 23919 23898 
23898 23919 23920 23899 
23899 23920 23921 23900 
23900 23921 23922 23901 
23901 23922 23923 23902 
23902 23923 23924 23903 
23903 23924 23925 23904 
23904 23925 23926 23905 
23905 23926 23927 23906 
23906 23927 23928 23907 
23907 23928 23929 23908 
23908 23929 23930 23909 
23909 23930 23931 23910 
23910 23931 23932 23911 
23911 23932 23933 23912 
23913 23934 23935 23914 
23914 23935 23936 23915 
23915 23936 23937 23916 
23916 23937 23938 23917 
23917 23938 23939 23918 
23918 23939 23940 23919 
23919 23940 23941 23920 
23920 23941 23942 23921 
23921 23942 23943 23922 
23922 23943 23944 23923 
23923 23944 23945 23924 
23924 23945 23946 23925 
23925 23946 23947 23926 
23926 23947 23948 23927 
23927 23948 23949 23928 
23928 23949 23950 23929 
23929 23950 23951 23930 
23930 23951 23952 23931 
23931 23952 23953 23932 
23932 23953 23954 23933 
23934 23955 23956 23935 
23935 23956 23957 23936 
23936 23957 23958 23937 
23937 23958 23959 23938 
23938 23959 23960 23939 
23939 23960 23961 23940 
23940 23961 23962 23941 
23941 23962 23963 23942 
23942 23963 23964 23943 
23943 23964 23965 23944 
23944 23965 23966 23945 
23945 23966 23967 23946 
23946 23967 23968 23947 
23947 23968 23969 23948 
23948 23969 23970 23949 
23949 23970 23971 23950 
23950 23971 23972 23951 
23951 23972 23973 23952 
23952 23973 23974 23953 
23953 23974 23975 23954 
23955 23976 23977 23956 
23956 23977 23978 23957 
23957 23978 23979 23958 
23958 23979 23980 23959 
23959 23980 23981 23960 
23960 23981 23982 23961 
23961 23982 23983 23962 
23962 23983 23984 23963 
23963 23984 23985 23964 
23964 23985 23986 23965 
23965 23986 23987 23966 
23966 23987 23988 23967 
23967 23988 23989 23968 
23968 23989 23990 23969 
23969 23990 23991 23970 
23970 23991 23992 23971 
23971 23992 23993 23972 
23972 23993 23994 23973 
23973 23994 23995 23974 
23974 23995 23996 23975 
23976 23997 23998 23977 
23977 23998 23999 23978 
23978 23999 24000 23979 
23979 24000 24001 23980 
23980 24001 24002 23981 
23981 24002 24003 23982 
23982 24003 24004 23983 
23983 24004 24005 23984 
23984 24005 24006 23985 
23985 24006 24007 23986 
23986 24007 24008 23987 
23987 24008 24009 23988 
23988 24009 24010 23989 
23989 24010 24011 23990 
23990 24011 24012 23991 
23991 24012 24013 23992 
23992 24013 24014 23993 
23993 24014 24015 23994 
23994 24015 24016 23995 
23995 24016 24017 23996 
23997 24018 24019 23998 
23998 24019 24020 23999 
23999 24020 24021 24000 
24000 24021 24022 24001 
24001 24022 24023 24002 
24002 24023 24024 24003 
24003 24024 24025 24004 
24004 24025 24026 24005 
24005 24026 24027 24006 
24006 24027 24028 24007 
24007 24028 24029 24008 
24008 24029 24030 24009 
24009 24030 24031 24010 
24010 24031 24032 24011 
24011 24032 24033 24012 
24012 24033 24034 24013 
24013 24034 24035 24014 
24014 24035 24036 24015 
24015 24036 24037 24016 
24016 24037 24038 24017 
24018 24039 24040 24019 
24019 24040 24041 24020 
24020 24041 24042 24021 
24021 24042 24043 24022 
24022 24043 24044 24023 
24023 24044 24045 24024 
24024 24045 24046 24025 
24025 24046 24047 24026 
24026 24047 24048 24027 
24027 24048 24049 24028 
24028 24049 24050 24029 
24029 24050 24051 24030 
24030 24051 24052 24031 
24031 24052 24053 24032 
24032 24053 24054 24033 
24033 24054 24055 24034 
24034 24055 24056 24035 
24035 24056 24057 24036 
24036 24057 24058 24037 
24037 24058 24059 24038 
24039 24060 24061 24040 
24040 24061 24062 24041 
24041 24062 24063 24042 
24042 24063 24064 24043 
24043 24064 24065 24044 
24044 24065 24066 24045 
24045 24066 24067 24046 
24046 24067 24068 24047 
24047 24068 24069 24048 
24048 24069 24070 24049 
24049 24070 24071 24050 
24050 24071 24072 24051 
24051 24072 24073 24052 
24052 24073 24074 24053 
24053 24074 24075 24054 
24054 24075 24076 24055 
24055 24076 24077 24056 
24056 24077 24078 24057 
24057 24078 24079 24058 
24058 24079 24080 24059 
24060 24081 24082 24061 
24061 24082 24083 24062 
24062 24083 24084 24063 
24063 24084 24085 24064 
24064 24085 24086 24065 
24065 24086 24087 24066 
24066 24087 24088 24067 
24067 24088 24089 24068 
24068 24089 24090 24069 
24069 24090 24091 24070 
24070 24091 24092 24071 
24071 24092 24093 24072 
24072 24093 24094 24073 
24073 24094 24095 24074 
24074 24095 24096 24075 
24075 24096 24097 24076 
24076 24097 24098 24077 
24077 24098 24099 24078 
24078 24099 24100 24079 
24079 24100 24101 24080 
24081 24102 24103 24082 
24082 24103 24104 24083 
24083 24104 24105 24084 
24084 24105 24106 24085 
24085 24106 24107 24086 
24086 24107 24108 24087 
24087 24108 24109 24088 
24088 24109 24110 24089 
24089 24110 24111 24090 
24090 24111 24112 24091 
24091 24112 24113 24092 
24092 24113 24114 24093 
24093 24114 24115 24094 
24094 24115 24116 24095 
24095 24116 24117 24096 
24096 24117 24118 24097 
24097 24118 24119 24098 
24098 24119 24120 24099 
24099 24120 24121 24100 
24100 24121 24122 24101 
24102 24123 24124 24103 
24103 24124 24125 24104 
24104 24125 24126 24105 
24105 24126 24127 24106 
24106 24127 24128 24107 
24107 24128 24129 24108 
24108 24129 24130 24109 
24109 24130 24131 24110 
24110 24131 24132 24111 
24111 24132 24133 24112 
24112 24133 24134 24113 
24113 24134 24135 24114 
24114 24135 24136 24115 
24115 24136 24137 24116 
24116 24137 24138 24117 
24117 24138 24139 24118 
24118 24139 24140 24119 
24119 24140 24141 24120 
24120 24141 24142 24121 
24121 24142 24143 24122 
24123 24144 24145 24124 
24124 24145 24146 24125 
24125 24146 24147 24126 
24126 24147 24148 24127 
24127 24148 24149 24128 
24128 24149 24150 24129 
24129 24150 24151 24130 
24130 24151 24152 24131 
24131 24152 24153 24132 
24132 24153 24154 24133 
24133 24154 24155 24134 
24134 24155 24156 24135 
24135 24156 24157 24136 
24136 24157 24158 24137 
24137 24158 24159 24138 
24138 24159 24160 24139 
24139 24160 24161 24140 
24140 24161 24162 24141 
24141 24162 24163 24142 
24142 24163 24164 24143 
24144 24165 24166 24145 
24145 24166 24167 24146 
24146 24167 24168 24147 
24147 24168 24169 24148 
24148 24169 24170 24149 
24149 24170 24171 24150 
24150 24171 24172 24151 
24151 24172 24173 24152 
24152 24173 24174 24153 
24153 24174 24175 24154 
24154 24175 24176 24155 
24155 24176 24177 24156 
24156 24177 24178 24157 
24157 24178 24179 24158 
24158 24179 24180 24159 
24159 24180 24181 24160 
24160 24181 24182 24161 
24161 24182 24183 24162 
24162 24183 24184 24163 
24163 24184 24185 24164 
24165 24186 24187 24166 
24166 24187 24188 24167 
24167 24188 24189 24168 
24168 24189 24190 24169 
24169 24190 24191 24170 
24170 24191 24192 24171 
24171 24192 24193 24172 
24172 24193 24194 24173 
24173 24194 24195 24174 
24174 24195 24196 24175 
24175 24196 24197 24176 
24176 24197 24198 24177 
24177 24198 24199 24178 
24178 24199 24200 24179 
24179 24200 24201 24180 
24180 24201 24202 24181 
24181 24202 24203 24182 
24182 24203 24204 24183 
24183 24204 24205 24184 
24184 24205 24206 24185 
24207 23766 23767 24208 
24208 23767 23768 24209 
24209 23768 23769 24210 
24210 23769 23770 24211 
24211 23770 23771 24212 
24212 23771 23772 24213 
24213 23772 23773 24214 
24214 23773 23774 24215 
24215 23774 23775 24216 
24216 23775 23776 24217 
24217 23776 23777 24218 
24218 23777 23778 24219 
24219 23778 23779 24220 
24220 23779 23780 24221 
24221 23780 23781 24222 
24222 23781 23782 24223 
24223 23782 23783 24224 
24224 23783 23784 24225 
24225 23784 23785 24226 
24226 23785 23786 24227 
24227 23786 23807 24228 
24228 23807 23828 24229 
24229 23828 23849 24230 
24230 23849 23870 24231 
24231 23870 23891 24232 
24232 23891 23912 24233 
24233 23912 23933 24234 
24234 23933 23954 24235 
24235 23954 23975 24236 
24236 23975 23996 24237 
24237 23996 24017 24238 
24238 24017 24038 24239 
24239 24038 24059 24240 
24240 24059 24080 24241 
24241 24080 24101 24242 
24242 24101 24122 24243 
24243 24122 24143 24244 
24244 24143 24164 24245 
24245 24164 24185 24246 
24246 24185 24206 24247 
24247 24206 24205 24248 
24248 24205 24204 24249 
24249 24204 24203 24250 
24250 24203 24202 24251 
24251 24202 24201 24252 
24252 24201 24200 24253 
24253 24200 24199 24254 
24254 24199 24198 24255 
24255 24198 24197 24256 
24256 24197 24196 24257 
24257 24196 24195 24258 
24258 24195 24194 24259 
24259 24194 24193 24260 
24260 24193 24192 24261 
24261 24192 24191 24262 
24262 24191 24190 24263 
24263 24190 24189 24264 
24264 24189 24188 24265 
24265 24188 24187 24266 
24266 24187 24186 24267 
24267 24186 24165 24268 
24268 24165 24144 24269 
24269 24144 24123 24270 
24270 24123 24102 24271 
24271 24102 24081 24272 
24272 24081 24060 24273 
24273 24060 24039 24274 
24274 24039 24018 24275 
24275 24018 23997 24276 
24276 23997 23976 24277 
24277 23976 23955 24278 
24278 23955 23934 24279 
24279 23934 23913 24280 
24280 23913 23892 24281 
24281 23892 23871 24282 
24282 23871 23850 24283 
24283 23850 23829 24284 
24284 23829 23808 24285 
24285 23808 23787 24286 
24286 23787 23766 24207 
24287 24207 24208 24288 
24288 24208 24209 24289 
24289 24209 24210 24290 
24290 24210 24211 24291 
24291 24211 24212 24292 
24292 24212 24213 24293 
24293 24213 24214 24294 
24294 24214 24215 24295 
24295 24215 24216 24296 
24296 24216 24217 24297 
24297 24217 24218 24298 
24298 24218 24219 24299 
24299 24219 24220 24300 
24300 24220 24221 24301 
24301 24221 24222 24302 
24302 24222 24223 24303 
24303 24223 24224 24304 
24304 24224 24225 24305 
24305 24225 24226 24306 
24306 24226 24227 24307 
24307 24227 24228 24308 
24308 24228 24229 24309 
24309 24229 24230 24310 
24310 24230 24231 24311 
24311 24231 24232 24312 
24312 24232 24233 24313 
24313 24233 24234 24314 
24314 24234 24235 24315 
24315 24235 24236 24316 
24316 24236 24237 24317 
24317 24237 24238 24318 
24318 24238 24239 24319 
24319 24239 24240 24320 
24320 24240 24241 24321 
24321 24241 24242 24322 
24322 24242 24243 24323 
24323 24243 24244 24324 
24324 24244 24245 24325 
24325 24245 24246 24326 
24326 24246 24247 24327 
24327 24247 24248 24328 
24328 24248 24249 24329 
24329 24249 24250 24330 
24330 24250 24251 24331 
24331 24251 24252 24332 
24332 24252 24253 24333 
24333 24253 24254 24334 
24334 24254 24255 24335 
24335 24255 24256 24336 
24336 24256 24257 24337 
24337 24257 24258 24338 
24338 24258 24259 24339 
24339 24259 24260 24340 
24340 24260 24261 24341 
24341 24261 24262 24342 
24342 24262 24263 24343 
24343 24263 24264 24344 
24344 24264 24265 24345 
24345 24265 24266 24346 
24346 24266 24267 24347 
24347 24267 24268 24348 
24348 24268 24269 24349 
24349 24269 24270 24350 
24350 24270 24271 24351 
24351 24271 24272 24352 
24352 24272 24273 24353 
24353 24273 24274 24354 
24354 24274 24275 24355 
24355 24275 24276 24356 
24356 24276 24277 24357 
24357 24277 24278 24358 
24358 24278 24279 24359 
24359 24279 24280 24360 
24360 24280 24281 24361 
24361 24281 24282 24362 
24362 24282 24283 24363 
24363 24283 24284 24364 
24364 24284 24285 24365 
24365 24285 24286 24366 
24366 24286 24207 24287 
24367 24287 24288 24368 
24368 24288 24289 24369 
24369 24289 24290 24370 
24370 24290 24291 24371 
24371 24291 24292 24372 
24372 24292 24293 24373 
24373 24293 24294 24374 
24374 24294 24295 24375 
24375 24295 24296 24376 
24376 24296 24297 24377 
24377 24297 24298 24378 
24378 24298 24299 24379 
24379 24299 24300 24380 
24380 24300 24301 24381 
24381 24301 24302 24382 
24382 24302 24303 24383 
24383 24303 24304 24384 
24384 24304 24305 24385 
24385 24305 24306 24386 
24386 24306 24307 24387 
24387 24307 24308 24388 
24388 24308 24309 24389 
24389 24309 24310 24390 
24390 24310 24311 24391 
24391 24311 24312 24392 
24392 24312 24313 24393 
24393 24313 24314 24394 
24394 24314 24315 24395 
24395 24315 24316 24396 
24396 24316 24317 24397 
24397 24317 24318 24398 
24398 24318 24319 24399 
24399 24319 24320 24400 
24400 24320 24321 24401 
24401 24321 24322 24402 
24402 24322 24323 24403 
24403 24323 24324 24404 
24404 24324 24325 24405 
24405 24325 24326 24406 
24406 24326 24327 24407 
24407 24327 24328 24408 
24408 24328 24329 24409 
24409 24329 24330 24410 
24410 24330 24331 24411 
24411 24331 24332 24412 
24412 24332 24333 24413 
24413 24333 24334 24414 
24414 24334 24335 24415 
24415 24335 24336 24416 
24416 24336 24337 24417 
24417 24337 24338 24418 
24418 24338 24339 24419 
24419 24339 24340 24420 
24420 24340 24341 24421 
24421 24341 24342 24422 
24422 24342 24343 24423 
24423 24343 24344 24424 
24424 24344 24345 24425 
24425 24345 24346 24426 
24426 24346 24347 24427 
24427 24347 24348 24428 
24428 24348 24349 24429 
24429 24349 24350 24430 
24430 24350 24351 24431 
24431 24351 24352 24432 
24432 24352 24353 24433 
24433 24353 24354 24434 
24434 24354 24355 24435 
24435 24355 24356 24436 
24436 24356 24357 24437 
24437 24357 24358 24438 
24438 24358 24359 24439 
24439 24359 24360 24440 
24440 24360 24361 24441 
24441 24361 24362 24442 
24442 24362 24363 24443 
24443 24363 24364 24444 
24444 24364 24365 24445 
24445 24365 24366 24446 
24446 24366 24287 24367 
24447 24367 24368 24448 
24448 24368 24369 24449 
24449 24369 24370 24450 
24450 24370 24371 24451 
24451 24371 24372 24452 
24452 24372 24373 24453 
24453 24373 24374 24454 
24454 24374 24375 24455 
24455 24375 24376 24456 
24456 24376 24377 24457 
24457 24377 24378 24458 
24458 24378 24379 24459 
24459 24379 24380 24460 
24460 24380 24381 24461 
24461 24381 24382 24462 
24462 24382 24383 24463 
24463 24383 24384 24464 
24464 24384 24385 24465 
24465 24385 24386 24466 
24466 24386 24387 24467 
24467 24387 24388 24468 
24468 24388 24389 24469 
24469 24389 24390 24470 
24470 24390 24391 24471 
24471 24391 24392 24472 
24472 24392 24393 24473 
24473 24393 24394 24474 
24474 24394 24395 24475 
24475 24395 24396 24476 
24476 24396 24397 24477 
24477 24397 24398 24478 
24478 24398 24399 24479 
24479 24399 24400 24480 
24480 24400 24401 24481 
24481 24401 24402 24482 
24482 24402 24403 24483 
24483 24403 24404 24484 
24484 24404 24405 24485 
24485 24405 24406 24486 
24486 24406 24407 24487 
24487 24407 24408 24488 
24488 24408 24409 24489 
24489 24409 24410 24490 
24490 24410 24411 24491 
24491 24411 24412 24492 
24492 24412 24413 24493 
24493 24413 24414 24494 
24494 24414 24415 24495 
24495 24415 24416 24496 
24496 24416 24417 24497 
24497 24417 24418 24498 
24498 24418 24419 24499 
24499 24419 24420 24500 
24500 24420 24421 24501 
24501 24421 24422 24502 
24502 24422 24423 24503 
24503 24423 24424 24504 
24504 24424 24425 24505 
24505 24425 24426 24506 
24506 24426 24427 24507 
24507 24427 24428 24508 
24508 24428 24429 24509 
24509 24429 24430 24510 
24510 24430 24431 24511 
24511 24431 24432 24512 
24512 24432 24433 24513 
24513 24433 24434 24514 
24514 24434 24435 24515 
24515 24435 24436 24516 
24516 24436 24437 24517 
24517 24437 24438 24518 
24518 24438 24439 24519 
24519 24439 24440 24520 
24520 24440 24441 24521 
24521 24441 24442 24522 
24522 24442 24443 24523 
24523 24443 24444 24524 
24524 24444 24445 24525 
24525 24445 24446 24526 
24526 24446 24367 24447 
24527 24447 24448 24528 
24528 24448 24449 24529 
24529 24449 24450 24530 
24530 24450 24451 24531 
24531 24451 24452 24532 
24532 24452 24453 24533 
24533 24453 24454 24534 
24534 24454 24455 24535 
24535 24455 24456 24536 
24536 24456 24457 24537 
24537 24457 24458 24538 
24538 24458 24459 24539 
24539 24459 24460 24540 
24540 24460 24461 24541 
24541 24461 24462 24542 
24542 24462 24463 24543 
24543 24463 24464 24544 
24544 24464 24465 24545 
24545 24465 24466 24546 
24546 24466 24467 24547 
24547 24467 24468 24548 
24548 24468 24469 24549 
24549 24469 24470 24550 
24550 24470 24471 24551 
24551 24471 24472 24552 
24552 24472 24473 24553 
24553 24473 24474 24554 
24554 24474 24475 24555 
24555 24475 24476 24556 
24556 24476 24477 24557 
24557 24477 24478 24558 
24558 24478 24479 24559 
24559 24479 24480 24560 
24560 24480 24481 24561 
24561 24481 24482 24562 
24562 24482 24483 24563 
24563 24483 24484 24564 
24564 24484 24485 24565 
24565 24485 24486 24566 
24566 24486 24487 24567 
24567 24487 24488 24568 
24568 24488 24489 24569 
24569 24489 24490 24570 
24570 24490 24491 24571 
24571 24491 24492 24572 
24572 24492 24493 24573 
24573 24493 24494 24574 
24574 24494 24495 24575 
24575 24495 24496 24576 
24576 24496 24497 24577 
24577 24497 24498 24578 
24578 24498 24499 24579 
24579 24499 24500 24580 
24580 24500 24501 24581 
24581 24501 24502 24582 
24582 24502 24503 24583 
24583 24503 24504 24584 
24584 24504 24505 24585 
24585 24505 24506 24586 
24586 24506 24507 24587 
24587 24507 24508 24588 
24588 24508 24509 24589 
24589 24509 24510 24590 
24590 24510 24511 24591 
24591 24511 24512 24592 
24592 24512 24513 24593 
24593 24513 24514 24594 
24594 24514 24515 24595 
24595 24515 24516 24596 
24596 24516 24517 24597 
24597 24517 24518 24598 
24598 24518 24519 24599 
24599 24519 24520 24600 
24600 24520 24521 24601 
24601 24521 24522 24602 
24602 24522 24523 24603 
24603 24523 24524 24604 
24604 24524 24525 24605 
24605 24525 24526 24606 
24606 24526 24447 24527 
24607 24527 24528 24608 
24608 24528 24529 24609 
24609 24529 24530 24610 
24610 24530 24531 24611 
24611 24531 24532 24612 
24612 24532 24533 24613 
24613 24533 24534 24614 
24614 24534 24535 24615 
24615 24535 24536 24616 
24616 24536 24537 24617 
24617 24537 24538 24618 
24618 24538 24539 24619 
24619 24539 24540 24620 
24620 24540 24541 24621 
24621 24541 24542 24622 
24622 24542 24543 24623 
24623 24543 24544 24624 
24624 24544 24545 24625 
24625 24545 24546 24626 
24626 24546 24547 24627 
24627 24547 24548 24628 
24628 24548 24549 24629 
24629 24549 24550 24630 
24630 24550 24551 24631 
24631 24551 24552 24632 
24632 24552 24553 24633 
24633 24553 24554 24634 
24634 24554 24555 24635 
24635 24555 24556 24636 
24636 24556 24557 24637 
24637 24557 24558 24638 
24638 24558 24559 24639 
24639 24559 24560 24640 
24640 24560 24561 24641 
24641 24561 24562 24642 
24642 24562 24563 24643 
24643 24563 24564 24644 
24644 24564 24565 24645 
24645 24565 24566 24646 
24646 24566 24567 24647 
24647 24567 24568 24648 
24648 24568 24569 24649 
24649 24569 24570 24650 
24650 24570 24571 24651 
24651 24571 24572 24652 
24652 24572 24573 24653 
24653 24573 24574 24654 
24654 24574 24575 24655 
24655 24575 24576 24656 
24656 24576 24577 24657 
24657 24577 24578 24658 
24658 24578 24579 24659 
24659 24579 24580 24660 
24660 24580 24581 24661 
24661 24581 24582 24662 
24662 24582 24583 24663 
24663 24583 24584 24664 
24664 24584 24585 24665 
24665 24585 24586 24666 
24666 24586 24587 24667 
24667 24587 24588 24668 
24668 24588 24589 24669 
24669 24589 24590 24670 
24670 24590 24591 24671 
24671 24591 24592 24672 
24672 24592 24593 24673 
24673 24593 24594 24674 
24674 24594 24595 24675 
24675 24595 24596 24676 
24676 24596 24597 24677 
24677 24597 24598 24678 
24678 24598 24599 24679 
24679 24599 24600 24680 
24680 24600 24601 24681 
24681 24601 24602 24682 
24682 24602 24603 24683 
24683 24603 24604 24684 
24684 24604 24605 24685 
24685 24605 24606 24686 
24686 24606 24527 24607 
24687 24607 24608 24688 
24688 24608 24609 24689 
24689 24609 24610 24690 
24690 24610 24611 24691 
24691 24611 24612 24692 
24692 24612 24613 24693 
24693 24613 24614 24694 
24694 24614 24615 24695 
24695 24615 24616 24696 
24696 24616 24617 24697 
24697 24617 24618 24698 
24698 24618 24619 24699 
24699 24619 24620 24700 
24700 24620 24621 24701 
24701 24621 24622 24702 
24702 24622 24623 24703 
24703 24623 24624 24704 
24704 24624 24625 24705 
24705 24625 24626 24706 
24706 24626 24627 24707 
24707 24627 24628 24708 
24708 24628 24629 24709 
24709 24629 24630 24710 
24710 24630 24631 24711 
24711 24631 24632 24712 
24712 24632 24633 24713 
24713 24633 24634 24714 
24714 24634 24635 24715 
24715 24635 24636 24716 
24716 24636 24637 24717 
24717 24637 24638 24718 
24718 24638 24639 24719 
24719 24639 24640 24720 
24720 24640 24641 24721 
24721 24641 24642 24722 
24722 24642 24643 24723 
24723 24643 24644 24724 
24724 24644 24645 24725 
24725 24645 24646 24726 
24726 24646 24647 24727 
24727 24647 24648 24728 
24728 24648 24649 24729 
24729 24649 24650 24730 
24730 24650 24651 24731 
24731 24651 24652 24732 
24732 24652 24653 24733 
24733 24653 24654 24734 
24734 24654 24655 24735 
24735 24655 24656 24736 
24736 24656 24657 24737 
24737 24657 24658 24738 
24738 24658 24659 24739 
24739 24659 24660 24740 
24740 24660 24661 24741 
24741 24661 24662 24742 
24742 24662 24663 24743 
24743 24663 24664 24744 
24744 24664 24665 24745 
24745 24665 24666 24746 
24746 24666 24667 24747 
24747 24667 24668 24748 
24748 24668 24669 24749 
24749 24669 24670 24750 
24750 24670 24671 24751 
24751 24671 24672 24752 
24752 24672 24673 24753 
24753 24673 24674 24754 
24754 24674 24675 24755 
24755 24675 24676 24756 
24756 24676 24677 24757 
24757 24677 24678 24758 
24758 24678 24679 24759 
24759 24679 24680 24760 
24760 24680 24681 24761 
24761 24681 24682 24762 
24762 24682 24683 24763 
24763 24683 24684 24764 
24764 24684 24685 24765 
24765 24685 24686 24766 
24766 24686 24607 24687 
24767 24687 24688 24768 
24768 24688 24689 24769 
24769 24689 24690 24770 
24770 24690 24691 24771 
24771 24691 24692 24772 
24772 24692 24693 24773 
24773 24693 24694 24774 
24774 24694 24695 24775 
24775 24695 24696 24776 
24776 24696 24697 24777 
24777 24697 24698 24778 
24778 24698 24699 24779 
24779 24699 24700 24780 
24780 24700 24701 24781 
24781 24701 24702 24782 
24782 24702 24703 24783 
24783 24703 24704 24784 
24784 24704 24705 24785 
24785 24705 24706 24786 
24786 24706 24707 24787 
24787 24707 24708 24788 
24788 24708 24709 24789 
24789 24709 24710 24790 
24790 24710 24711 24791 
24791 24711 24712 24792 
24792 24712 24713 24793 
24793 24713 24714 24794 
24794 24714 24715 24795 
24795 24715 24716 24796 
24796 24716 24717 24797 
24797 24717 24718 24798 
24798 24718 24719 24799 
24799 24719 24720 24800 
24800 24720 24721 24801 
24801 24721 24722 24802 
24802 24722 24723 24803 
24803 24723 24724 24804 
24804 24724 24725 24805 
24805 24725 24726 24806 
24806 24726 24727 24807 
24807 24727 24728 24808 
24808 24728 24729 24809 
24809 24729 24730 24810 
24810 24730 24731 24811 
24811 24731 24732 24812 
24812 24732 24733 24813 
24813 24733 24734 24814 
24814 24734 24735 24815 
24815 24735 24736 24816 
24816 24736 24737 24817 
24817 24737 24738 24818 
24818 24738 24739 24819 
24819 24739 24740 24820 
24820 24740 24741 24821 
24821 24741 24742 24822 
24822 24742 24743 24823 
24823 24743 24744 24824 
24824 24744 24745 24825 
24825 24745 24746 24826 
24826 24746 24747 24827 
24827 24747 24748 24828 
24828 24748 24749 24829 
24829 24749 24750 24830 
24830 24750 24751 24831 
24831 24751 24752 24832 
24832 24752 24753 24833 
24833 24753 24754 24834 
24834 24754 24755 24835 
24835 24755 24756 24836 
24836 24756 24757 24837 
24837 24757 24758 24838 
24838 24758 24759 24839 
24839 24759 24760 24840 
24840 24760 24761 24841 
24841 24761 24762 24842 
24842 24762 24763 24843 
24843 24763 24764 24844 
24844 24764 24765 24845 
24845 24765 24766 24846 
24846 24766 24687 24767 
24847 24767 24768 24848 
24848 24768 24769 24849 
24849 24769 24770 24850 
24850 24770 24771 24851 
24851 24771 24772 24852 
24852 24772 24773 24853 
24853 24773 24774 24854 
24854 24774 24775 24855 
24855 24775 24776 24856 
24856 24776 24777 24857 
24857 24777 24778 24858 
24858 24778 24779 24859 
24859 24779 24780 24860 
24860 24780 24781 24861 
24861 24781 24782 24862 
24862 24782 24783 24863 
24863 24783 24784 24864 
24864 24784 24785 24865 
24865 24785 24786 24866 
24866 24786 24787 24867 
24867 24787 24788 24868 
24868 24788 24789 24869 
24869 24789 24790 24870 
24870 24790 24791 24871 
24871 24791 24792 24872 
24872 24792 24793 24873 
24873 24793 24794 24874 
24874 24794 24795 24875 
24875 24795 24796 24876 
24876 24796 24797 24877 
24877 24797 24798 24878 
24878 24798 24799 24879 
24879 24799 24800 24880 
24880 24800 24801 24881 
24881 24801 24802 24882 
24882 24802 24803 24883 
24883 24803 24804 24884 
24884 24804 24805 24885 
24885 24805 24806 24886 
24886 24806 24807 24887 
24887 24807 24808 24888 
24888 24808 24809 24889 
24889 24809 24810 24890 
24890 24810 24811 24891 
24891 24811 24812 24892 
24892 24812 24813 24893 
24893 24813 24814 24894 
24894 24814 24815 24895 
24895 24815 24816 24896 
24896 24816 24817 24897 
24897 24817 24818 24898 
24898 24818 24819 24899 
24899 24819 24820 24900 
24900 24820 24821 24901 
24901 24821 24822 24902 
24902 24822 24823 24903 
24903 24823 24824 24904 
24904 24824 24825 24905 
24905 24825 24826 24906 
24906 24826 24827 24907 
24907 24827 24828 24908 
24908 24828 24829 24909 
24909 24829 24830 24910 
24910 24830 24831 24911 
24911 24831 24832 24912 
24912 24832 24833 24913 
24913 24833 24834 24914 
24914 24834 24835 24915 
24915 24835 24836 24916 
24916 24836 24837 24917 
24917 24837 24838 24918 
24918 24838 24839 24919 
24919 24839 24840 24920 
24920 24840 24841 24921 
24921 24841 24842 24922 
24922 24842 24843 24923 
24923 24843 24844 24924 
24924 24844 24845 24925 
24925 24845 24846 24926 
24926 24846 24767 24847 
24927 24847 24848 24928 
24928 24848 24849 24929 
24929 24849 24850 24930 
24930 24850 24851 24931 
24931 24851 24852 24932 
24932 24852 24853 24933 
24933 24853 24854 24934 
24934 24854 24855 24935 
24935 24855 24856 24936 
24936 24856 24857 24937 
24937 24857 24858 24938 
24938 24858 24859 24939 
24939 24859 24860 24940 
24940 24860 24861 24941 
24941 24861 24862 24942 
24942 24862 24863 24943 
24943 24863 24864 24944 
24944 24864 24865 24945 
24945 24865 24866 24946 
24946 24866 24867 24947 
24947 24867 24868 24948 
24948 24868 24869 24949 
24949 24869 24870 24950 
24950 24870 24871 24951 
24951 24871 24872 24952 
24952 24872 24873 24953 
24953 24873 24874 24954 
24954 24874 24875 24955 
24955 24875 24876 24956 
24956 24876 24877 24957 
24957 24877 24878 24958 
24958 24878 24879 24959 
24959 24879 24880 24960 
24960 24880 24881 24961 
24961 24881 24882 24962 
24962 24882 24883 24963 
24963 24883 24884 24964 
24964 24884 24885 24965 
24965 24885 24886 24966 
24966 24886 24887 24967 
24967 24887 24888 24968 
24968 24888 24889 24969 
24969 24889 24890 24970 
24970 24890 24891 24971 
24971 24891 24892 24972 
24972 24892 24893 24973 
24973 24893 24894 24974 
24974 24894 24895 24975 
24975 24895 24896 24976 
24976 24896 24897 24977 
24977 24897 24898 24978 
24978 24898 24899 24979 
24979 24899 24900 24980 
24980 24900 24901 24981 
24981 24901 24902 24982 
24982 24902 24903 24983 
24983 24903 24904 24984 
24984 24904 24905 24985 
24985 24905 24906 24986 
24986 24906 24907 24987 
24987 24907 24908 24988 
24988 24908 24909 24989 
24989 24909 24910 24990 
24990 24910 24911 24991 
24991 24911 24912 24992 
24992 24912 24913 24993 
24993 24913 24914 24994 
24994 24914 24915 24995 
24995 24915 24916 24996 
24996 24916 24917 24997 
24997 24917 24918 24998 
24998 24918 24919 24999 
24999 24919 24920 25000 
25000 24920 24921 25001 
25001 24921 24922 25002 
25002 24922 24923 25003 
25003 24923 24924 25004 
25004 24924 24925 25005 
25005 24925 24926 25006 
25006 24926 24847 24927 
25007 24927 24928 25008 
25008 24928 24929 25009 
25009 24929 24930 25010 
25010 24930 24931 25011 
25011 24931 24932 25012 
25012 24932 24933 25013 
25013 24933 24934 25014 
25014 24934 24935 25015 
25015 24935 24936 25016 
25016 24936 24937 25017 
25017 24937 24938 25018 
25018 24938 24939 25019 
25019 24939 24940 25020 
25020 24940 24941 25021 
25021 24941 24942 25022 
25022 24942 24943 25023 
25023 24943 24944 25024 
25024 24944 24945 25025 
25025 24945 24946 25026 
25026 24946 24947 25027 
25027 24947 24948 25028 
25028 24948 24949 25029 
25029 24949 24950 25030 
25030 24950 24951 25031 
25031 24951 24952 25032 
25032 24952 24953 25033 
25033 24953 24954 25034 
25034 24954 24955 25035 
25035 24955 24956 25036 
25036 24956 24957 25037 
25037 24957 24958 25038 
25038 24958 24959 25039 
25039 24959 24960 25040 
25040 24960 24961 25041 
25041 24961 24962 25042 
25042 24962 24963 25043 
25043 24963 24964 25044 
25044 24964 24965 25045 
25045 24965 24966 25046 
25046 24966 24967 25047 
25047 24967 24968 25048 
25048 24968 24969 25049 
25049 24969 24970 25050 
25050 24970 24971 25051 
25051 24971 24972 25052 
25052 24972 24973 25053 
25053 24973 24974 25054 
25054 24974 24975 25055 
25055 24975 24976 25056 
25056 24976 24977 25057 
25057 24977 24978 25058 
25058 24978 24979 25059 
25059 24979 24980 25060 
25060 24980 24981 25061 
25061 24981 24982 25062 
25062 24982 24983 25063 
25063 24983 24984 25064 
25064 24984 24985 25065 
25065 24985 24986 25066 
25066 24986 24987 25067 
25067 24987 24988 25068 
25068 24988 24989 25069 
25069 24989 24990 25070 
25070 24990 24991 25071 
25071 24991 24992 25072 
25072 24992 24993 25073 
25073 24993 24994 25074 
25074 24994 24995 25075 
25075 24995 24996 25076 
25076 24996 24997 25077 
25077 24997 24998 25078 
25078 24998 24999 25079 
25079 24999 25000 25080 
25080 25000 25001 25081 
25081 25001 25002 25082 
25082 25002 25003 25083 
25083 25003 25004 25084 
25084 25004 25005 25085 
25085 25005 25006 25086 
25086 25006 24927 25007 
25087 25007 25008 25088 
25088 25008 25009 25089 
25089 25009 25010 25090 
25090 25010 25011 25091 
25091 25011 25012 25092 
25092 25012 25013 25093 
25093 25013 25014 25094 
25094 25014 25015 25095 
25095 25015 25016 25096 
25096 25016 25017 25097 
25097 25017 25018 25098 
25098 25018 25019 25099 
25099 25019 25020 25100 
25100 25020 25021 25101 
25101 25021 25022 25102 
25102 25022 25023 25103 
25103 25023 25024 25104 
25104 25024 25025 25105 
25105 25025 25026 25106 
25106 25026 25027 25107 
25107 25027 25028 25108 
25108 25028 25029 25109 
25109 25029 25030 25110 
25110 25030 25031 25111 
25111 25031 25032 25112 
25112 25032 25033 25113 
25113 25033 25034 25114 
25114 25034 25035 25115 
25115 25035 25036 25116 
25116 25036 25037 25117 
25117 25037 25038 25118 
25118 25038 25039 25119 
25119 25039 25040 25120 
25120 25040 25041 25121 
25121 25041 25042 25122 
25122 25042 25043 25123 
25123 25043 25044 25124 
25124 25044 25045 25125 
25125 25045 25046 25126 
25126 25046 25047 25127 
25127 25047 25048 25128 
25128 25048 25049 25129 
25129 25049 25050 25130 
25130 25050 25051 25131 
25131 25051 25052 25132 
25132 25052 25053 25133 
25133 25053 25054 25134 
25134 25054 25055 25135 
25135 25055 25056 25136 
25136 25056 25057 25137 
25137 25057 25058 25138 
25138 25058 25059 25139 
25139 25059 25060 25140 
25140 25060 25061 25141 
25141 25061 25062 25142 
25142 25062 25063 25143 
25143 25063 25064 25144 
25144 25064 25065 25145 
25145 25065 25066 25146 
25146 25066 25067 25147 
25147 25067 25068 25148 
25148 25068 25069 25149 
25149 25069 25070 25150 
25150 25070 25071 25151 
25151 25071 25072 25152 
25152 25072 25073 25153 
25153 25073 25074 25154 
25154 25074 25075 25155 
25155 25075 25076 25156 
25156 25076 25077 25157 
25157 25077 25078 25158 
25158 25078 25079 25159 
25159 25079 25080 25160 
25160 25080 25081 25161 
25161 25081 25082 25162 
25162 25082 25083 25163 
25163 25083 25084 25164 
25164 25084 25085 25165 
25165 25085 25086 25166 
25166 25086 25007 25087 
25167 25087 25088 25168 
25168 25088 25089 25169 
25169 25089 25090 25170 
25170 25090 25091 25171 
25171 25091 25092 25172 
25172 25092 25093 25173 
25173 25093 25094 25174 
25174 25094 25095 25175 
25175 25095 25096 25176 
25176 25096 25097 25177 
25177 25097 25098 25178 
25178 25098 25099 25179 
25179 25099 25100 25180 
25180 25100 25101 25181 
25181 25101 25102 25182 
25182 25102 25103 25183 
25183 25103 25104 25184 
25184 25104 25105 25185 
25185 25105 25106 25186 
25186 25106 25107 25187 
25187 25107 25108 25188 
25188 25108 25109 25189 
25189 25109 25110 25190 
25190 25110 25111 25191 
25191 25111 25112 25192 
25192 25112 25113 25193 
25193 25113 25114 25194 
25194 25114 25115 25195 
25195 25115 25116 25196 
25196 25116 25117 25197 
25197 25117 25118 25198 
25198 25118 25119 25199 
25199 25119 25120 25200 
25200 25120 25121 25201 
25201 25121 25122 25202 
25202 25122 25123 25203 
25203 25123 25124 25204 
25204 25124 25125 25205 
25205 25125 25126 25206 
25206 25126 25127 25207 
25207 25127 25128 25208 
25208 25128 25129 25209 
25209 25129 25130 25210 
25210 25130 25131 25211 
25211 25131 25132 25212 
25212 25132 25133 25213 
25213 25133 25134 25214 
25214 25134 25135 25215 
25215 25135 25136 25216 
25216 25136 25137 25217 
25217 25137 25138 25218 
25218 25138 25139 25219 
25219 25139 25140 25220 
25220 25140 25141 25221 
25221 25141 25142 25222 
25222 25142 25143 25223 
25223 25143 25144 25224 
25224 25144 25145 25225 
25225 25145 25146 25226 
25226 25146 25147 25227 
25227 25147 25148 25228 
25228 25148 25149 25229 
25229 25149 25150 25230 
25230 25150 25151 25231 
25231 25151 25152 25232 
25232 25152 25153 25233 
25233 25153 25154 25234 
25234 25154 25155 25235 
25235 25155 25156 25236 
25236 25156 25157 25237 
25237 25157 25158 25238 
25238 25158 25159 25239 
25239 25159 25160 25240 
25240 25160 25161 25241 
25241 25161 25162 25242 
25242 25162 25163 25243 
25243 25163 25164 25244 
25244 25164 25165 25245 
25245 25165 25166 25246 
25246 25166 25087 25167 
25247 25167 25168 25248 
25248 25168 25169 25249 
25249 25169 25170 25250 
25250 25170 25171 25251 
25251 25171 25172 25252 
25252 25172 25173 25253 
25253 25173 25174 25254 
25254 25174 25175 25255 
25255 25175 25176 25256 
25256 25176 25177 25257 
25257 25177 25178 25258 
25258 25178 25179 25259 
25259 25179 25180 25260 
25260 25180 25181 25261 
25261 25181 25182 25262 
25262 25182 25183 25263 
25263 25183 25184 25264 
25264 25184 25185 25265 
25265 25185 25186 25266 
25266 25186 25187 25267 
25267 25187 25188 25268 
25268 25188 25189 25269 
25269 25189 25190 25270 
25270 25190 25191 25271 
25271 25191 25192 25272 
25272 25192 25193 25273 
25273 25193 25194 25274 
25274 25194 25195 25275 
25275 25195 25196 25276 
25276 25196 25197 25277 
25277 25197 25198 25278 
25278 25198 25199 25279 
25279 25199 25200 25280 
25280 25200 25201 25281 
25281 25201 25202 25282 
25282 25202 25203 25283 
25283 25203 25204 25284 
25284 25204 25205 25285 
25285 25205 25206 25286 
25286 25206 25207 25287 
25287 25207 25208 25288 
25288 25208 25209 25289 
25289 25209 25210 25290 
25290 25210 25211 25291 
25291 25211 25212 25292 
25292 25212 25213 25293 
25293 25213 25214 25294 
25294 25214 25215 25295 
25295 25215 25216 25296 
25296 25216 25217 25297 
25297 25217 25218 25298 
25298 25218 25219 25299 
25299 25219 25220 25300 
25300 25220 25221 25301 
25301 25221 25222 25302 
25302 25222 25223 25303 
25303 25223 25224 25304 
25304 25224 25225 25305 
25305 25225 25226 25306 
25306 25226 25227 25307 
25307 25227 25228 25308 
25308 25228 25229 25309 
25309 25229 25230 25310 
25310 25230 25231 25311 
25311 25231 25232 25312 
25312 25232 25233 25313 
25313 25233 25234 25314 
25314 25234 25235 25315 
25315 25235 25236 25316 
25316 25236 25237 25317 
25317 25237 25238 25318 
25318 25238 25239 25319 
25319 25239 25240 25320 
25320 25240 25241 25321 
25321 25241 25242 25322 
25322 25242 25243 25323 
25323 25243 25244 25324 
25324 25244 25245 25325 
25325 25245 25246 25326 
25326 25246 25167 25247 
25327 25247 25248 25328 
25328 25248 25249 25329 
25329 25249 25250 25330 
25330 25250 25251 25331 
25331 25251 25252 25332 
25332 25252 25253 25333 
25333 25253 25254 25334 
25334 25254 25255 25335 
25335 25255 25256 25336 
25336 25256 25257 25337 
25337 25257 25258 25338 
25338 25258 25259 25339 
25339 25259 25260 25340 
25340 25260 25261 25341 
25341 25261 25262 25342 
25342 25262 25263 25343 
25343 25263 25264 25344 
25344 25264 25265 25345 
25345 25265 25266 25346 
25346 25266 25267 25347 
25347 25267 25268 25348 
25348 25268 25269 25349 
25349 25269 25270 25350 
25350 25270 25271 25351 
25351 25271 25272 25352 
25352 25272 25273 25353 
25353 25273 25274 25354 
25354 25274 25275 25355 
25355 25275 25276 25356 
25356 25276 25277 25357 
25357 25277 25278 25358 
25358 25278 25279 25359 
25359 25279 25280 25360 
25360 25280 25281 25361 
25361 25281 25282 25362 
25362 25282 25283 25363 
25363 25283 25284 25364 
25364 25284 25285 25365 
25365 25285 25286 25366 
25366 25286 25287 25367 
25367 25287 25288 25368 
25368 25288 25289 25369 
25369 25289 25290 25370 
25370 25290 25291 25371 
25371 25291 25292 25372 
25372 25292 25293 25373 
25373 25293 25294 25374 
25374 25294 25295 25375 
25375 25295 25296 25376 
25376 25296 25297 25377 
25377 25297 25298 25378 
25378 25298 25299 25379 
25379 25299 25300 25380 
25380 25300 25301 25381 
25381 25301 25302 25382 
25382 25302 25303 25383 
25383 25303 25304 25384 
25384 25304 25305 25385 
25385 25305 25306 25386 
25386 25306 25307 25387 
25387 25307 25308 25388 
25388 25308 25309 25389 
25389 25309 25310 25390 
25390 25310 25311 25391 
25391 25311 25312 25392 
25392 25312 25313 25393 
25393 25313 25314 25394 
25394 25314 25315 25395 
25395 25315 25316 25396 
25396 25316 25317 25397 
25397 25317 25318 25398 
25398 25318 25319 25399 
25399 25319 25320 25400 
25400 25320 25321 25401 
25401 25321 25322 25402 
25402 25322 25323 25403 
25403 25323 25324 25404 
25404 25324 25325 25405 
25405 25325 25326 25406 
25406 25326 25247 25327 
25407 25327 25328 25408 
25408 25328 25329 25409 
25409 25329 25330 25410 
25410 25330 25331 25411 
25411 25331 25332 25412 
25412 25332 25333 25413 
25413 25333 25334 25414 
25414 25334 25335 25415 
25415 25335 25336 25416 
25416 25336 25337 25417 
25417 25337 25338 25418 
25418 25338 25339 25419 
25419 25339 25340 25420 
25420 25340 25341 25421 
25421 25341 25342 25422 
25422 25342 25343 25423 
25423 25343 25344 25424 
25424 25344 25345 25425 
25425 25345 25346 25426 
25426 25346 25347 25427 
25427 25347 25348 25428 
25428 25348 25349 25429 
25429 25349 25350 25430 
25430 25350 25351 25431 
25431 25351 25352 25432 
25432 25352 25353 25433 
25433 25353 25354 25434 
25434 25354 25355 25435 
25435 25355 25356 25436 
25436 25356 25357 25437 
25437 25357 25358 25438 
25438 25358 25359 25439 
25439 25359 25360 25440 
25440 25360 25361 25441 
25441 25361 25362 25442 
25442 25362 25363 25443 
25443 25363 25364 25444 
25444 25364 25365 25445 
25445 25365 25366 25446 
25446 25366 25367 25447 
25447 25367 25368 25448 
25448 25368 25369 25449 
25449 25369 25370 25450 
25450 25370 25371 25451 
25451 25371 25372 25452 
25452 25372 25373 25453 
25453 25373 25374 25454 
25454 25374 25375 25455 
25455 25375 25376 25456 
25456 25376 25377 25457 
25457 25377 25378 25458 
25458 25378 25379 25459 
25459 25379 25380 25460 
25460 25380 25381 25461 
25461 25381 25382 25462 
25462 25382 25383 25463 
25463 25383 25384 25464 
25464 25384 25385 25465 
25465 25385 25386 25466 
25466 25386 25387 25467 
25467 25387 25388 25468 
25468 25388 25389 25469 
25469 25389 25390 25470 
25470 25390 25391 25471 
25471 25391 25392 25472 
25472 25392 25393 25473 
25473 25393 25394 25474 
25474 25394 25395 25475 
25475 25395 25396 25476 
25476 25396 25397 25477 
25477 25397 25398 25478 
25478 25398 25399 25479 
25479 25399 25400 25480 
25480 25400 25401 25481 
25481 25401 25402 25482 
25482 25402 25403 25483 
25483 25403 25404 25484 
25484 25404 25405 25485 
25485 25405 25406 25486 
25486 25406 25327 25407 
25487 25407 25408 25488 
25488 25408 25409 25489 
25489 25409 25410 25490 
25490 25410 25411 25491 
25491 25411 25412 25492 
25492 25412 25413 25493 
25493 25413 25414 25494 
25494 25414 25415 25495 
25495 25415 25416 25496 
25496 25416 25417 25497 
25497 25417 25418 25498 
25498 25418 25419 25499 
25499 25419 25420 25500 
25500 25420 25421 25501 
25501 25421 25422 25502 
25502 25422 25423 25503 
25503 25423 25424 25504 
25504 25424 25425 25505 
25505 25425 25426 25506 
25506 25426 25427 25507 
25507 25427 25428 25508 
25508 25428 25429 25509 
25509 25429 25430 25510 
25510 25430 25431 25511 
25511 25431 25432 25512 
25512 25432 25433 25513 
25513 25433 25434 25514 
25514 25434 25435 25515 
25515 25435 25436 25516 
25516 25436 25437 25517 
25517 25437 25438 25518 
25518 25438 25439 25519 
25519 25439 25440 25520 
25520 25440 25441 25521 
25521 25441 25442 25522 
25522 25442 25443 25523 
25523 25443 25444 25524 
25524 25444 25445 25525 
25525 25445 25446 25526 
25526 25446 25447 25527 
25527 25447 25448 25528 
25528 25448 25449 25529 
25529 25449 25450 25530 
25530 25450 25451 25531 
25531 25451 25452 25532 
25532 25452 25453 25533 
25533 25453 25454 25534 
25534 25454 25455 25535 
25535 25455 25456 25536 
25536 25456 25457 25537 
25537 25457 25458 25538 
25538 25458 25459 25539 
25539 25459 25460 25540 
25540 25460 25461 25541 
25541 25461 25462 25542 
25542 25462 25463 25543 
25543 25463 25464 25544 
25544 25464 25465 25545 
25545 25465 25466 25546 
25546 25466 25467 25547 
25547 25467 25468 25548 
25548 25468 25469 25549 
25549 25469 25470 25550 
25550 25470 25471 25551 
25551 25471 25472 25552 
25552 25472 25473 25553 
25553 25473 25474 25554 
25554 25474 25475 25555 
25555 25475 25476 25556 
25556 25476 25477 25557 
25557 25477 25478 25558 
25558 25478 25479 25559 
25559 25479 25480 25560 
25560 25480 25481 25561 
25561 25481 25482 25562 
25562 25482 25483 25563 
25563 25483 25484 25564 
25564 25484 25485 25565 
25565 25485 25486 25566 
25566 25486 25407 25487 
25567 25487 25488 25568 
25568 25488 25489 25569 
25569 25489 25490 25570 
25570 25490 25491 25571 
25571 25491 25492 25572 
25572 25492 25493 25573 
25573 25493 25494 25574 
25574 25494 25495 25575 
25575 25495 25496 25576 
25576 25496 25497 25577 
25577 25497 25498 25578 
25578 25498 25499 25579 
25579 25499 25500 25580 
25580 25500 25501 25581 
25581 25501 25502 25582 
25582 25502 25503 25583 
25583 25503 25504 25584 
25584 25504 25505 25585 
25585 25505 25506 25586 
25586 25506 25507 25587 
25587 25507 25508 25588 
25588 25508 25509 25589 
25589 25509 25510 25590 
25590 25510 25511 25591 
25591 25511 25512 25592 
25592 25512 25513 25593 
25593 25513 25514 25594 
25594 25514 25515 25595 
25595 25515 25516 25596 
25596 25516 25517 25597 
25597 25517 25518 25598 
25598 25518 25519 25599 
25599 25519 25520 25600 
25600 25520 25521 25601 
25601 25521 25522 25602 
25602 25522 25523 25603 
25603 25523 25524 25604 
25604 25524 25525 25605 
25605 25525 25526 25606 
25606 25526 25527 25607 
25607 25527 25528 25608 
25608 25528 25529 25609 
25609 25529 25530 25610 
25610 25530 25531 25611 
25611 25531 25532 25612 
25612 25532 25533 25613 
25613 25533 25534 25614 
25614 25534 25535 25615 
25615 25535 25536 25616 
25616 25536 25537 25617 
25617 25537 25538 25618 
25618 25538 25539 25619 
25619 25539 25540 25620 
25620 25540 25541 25621 
25621 25541 25542 25622 
25622 25542 25543 25623 
25623 25543 25544 25624 
25624 25544 25545 25625 
25625 25545 25546 25626 
25626 25546 25547 25627 
25627 25547 25548 25628 
25628 25548 25549 25629 
25629 25549 25550 25630 
25630 25550 25551 25631 
25631 25551 25552 25632 
25632 25552 25553 25633 
25633 25553 25554 25634 
25634 25554 25555 25635 
25635 25555 25556 25636 
25636 25556 25557 25637 
25637 25557 25558 25638 
25638 25558 25559 25639 
25639 25559 25560 25640 
25640 25560 25561 25641 
25641 25561 25562 25642 
25642 25562 25563 25643 
25643 25563 25564 25644 
25644 25564 25565 25645 
25645 25565 25566 25646 
25646 25566 25487 25567 
25647 25567 25568 25648 
25648 25568 25569 25649 
25649 25569 25570 25650 
25650 25570 25571 25651 
25651 25571 25572 25652 
25652 25572 25573 25653 
25653 25573 25574 25654 
25654 25574 25575 25655 
25655 25575 25576 25656 
25656 25576 25577 25657 
25657 25577 25578 25658 
25658 25578 25579 25659 
25659 25579 25580 25660 
25660 25580 25581 25661 
25661 25581 25582 25662 
25662 25582 25583 25663 
25663 25583 25584 25664 
25664 25584 25585 25665 
25665 25585 25586 25666 
25666 25586 25587 25667 
25667 25587 25588 25668 
25668 25588 25589 25669 
25669 25589 25590 25670 
25670 25590 25591 25671 
25671 25591 25592 25672 
25672 25592 25593 25673 
25673 25593 25594 25674 
25674 25594 25595 25675 
25675 25595 25596 25676 
25676 25596 25597 25677 
25677 25597 25598 25678 
25678 25598 25599 25679 
25679 25599 25600 25680 
25680 25600 25601 25681 
25681 25601 25602 25682 
25682 25602 25603 25683 
25683 25603 25604 25684 
25684 25604 25605 25685 
25685 25605 25606 25686 
25686 25606 25607 25687 
25687 25607 25608 25688 
25688 25608 25609 25689 
25689 25609 25610 25690 
25690 25610 25611 25691 
25691 25611 25612 25692 
25692 25612 25613 25693 
25693 25613 25614 25694 
25694 25614 25615 25695 
25695 25615 25616 25696 
25696 25616 25617 25697 
25697 25617 25618 25698 
25698 25618 25619 25699 
25699 25619 25620 25700 
25700 25620 25621 25701 
25701 25621 25622 25702 
25702 25622 25623 25703 
25703 25623 25624 25704 
25704 25624 25625 25705 
25705 25625 25626 25706 
25706 25626 25627 25707 
25707 25627 25628 25708 
25708 25628 25629 25709 
25709 25629 25630 25710 
25710 25630 25631 25711 
25711 25631 25632 25712 
25712 25632 25633 25713 
25713 25633 25634 25714 
25714 25634 25635 25715 
25715 25635 25636 25716 
25716 25636 25637 25717 
25717 25637 25638 25718 
25718 25638 25639 25719 
25719 25639 25640 25720 
25720 25640 25641 25721 
25721 25641 25642 25722 
25722 25642 25643 25723 
25723 25643 25644 25724 
25724 25644 25645 25725 
25725 25645 25646 25726 
25726 25646 25567 25647 
25727 25647 25648 25728 
25728 25648 25649 25729 
25729 25649 25650 25730 
25730 25650 25651 25731 
25731 25651 25652 25732 
25732 25652 25653 25733 
25733 25653 25654 25734 
25734 25654 25655 25735 
25735 25655 25656 25736 
25736 25656 25657 25737 
25737 25657 25658 25738 
25738 25658 25659 25739 
25739 25659 25660 25740 
25740 25660 25661 25741 
25741 25661 25662 25742 
25742 25662 25663 25743 
25743 25663 25664 25744 
25744 25664 25665 25745 
25745 25665 25666 25746 
25746 25666 25667 25747 
25747 25667 25668 25748 
25748 25668 25669 25749 
25749 25669 25670 25750 
25750 25670 25671 25751 
25751 25671 25672 25752 
25752 25672 25673 25753 
25753 25673 25674 25754 
25754 25674 25675 25755 
25755 25675 25676 25756 
25756 25676 25677 25757 
25757 25677 25678 25758 
25758 25678 25679 25759 
25759 25679 25680 25760 
25760 25680 25681 25761 
25761 25681 25682 25762 
25762 25682 25683 25763 
25763 25683 25684 25764 
25764 25684 25685 25765 
25765 25685 25686 25766 
25766 25686 25687 25767 
25767 25687 25688 25768 
25768 25688 25689 25769 
25769 25689 25690 25770 
25770 25690 25691 25771 
25771 25691 25692 25772 
25772 25692 25693 25773 
25773 25693 25694 25774 
25774 25694 25695 25775 
25775 25695 25696 25776 
25776 25696 25697 25777 
25777 25697 25698 25778 
25778 25698 25699 25779 
25779 25699 25700 25780 
25780 25700 25701 25781 
25781 25701 25702 25782 
25782 25702 25703 25783 
25783 25703 25704 25784 
25784 25704 25705 25785 
25785 25705 25706 25786 
25786 25706 25707 25787 
25787 25707 25708 25788 
25788 25708 25709 25789 
25789 25709 25710 25790 
25790 25710 25711 25791 
25791 25711 25712 25792 
25792 25712 25713 25793 
25793 25713 25714 25794 
25794 25714 25715 25795 
25795 25715 25716 25796 
25796 25716 25717 25797 
25797 25717 25718 25798 
25798 25718 25719 25799 
25799 25719 25720 25800 
25800 25720 25721 25801 
25801 25721 25722 25802 
25802 25722 25723 25803 
25803 25723 25724 25804 
25804 25724 25725 25805 
25805 25725 25726 25806 
25806 25726 25647 25727 
25807 25727 25728 25808 
25808 25728 25729 25809 
25809 25729 25730 25810 
25810 25730 25731 25811 
25811 25731 25732 25812 
25812 25732 25733 25813 
25813 25733 25734 25814 
25814 25734 25735 25815 
25815 25735 25736 25816 
25816 25736 25737 25817 
25817 25737 25738 25818 
25818 25738 25739 25819 
25819 25739 25740 25820 
25820 25740 25741 25821 
25821 25741 25742 25822 
25822 25742 25743 25823 
25823 25743 25744 25824 
25824 25744 25745 25825 
25825 25745 25746 25826 
25826 25746 25747 25827 
25827 25747 25748 25828 
25828 25748 25749 25829 
25829 25749 25750 25830 
25830 25750 25751 25831 
25831 25751 25752 25832 
25832 25752 25753 25833 
25833 25753 25754 25834 
25834 25754 25755 25835 
25835 25755 25756 25836 
25836 25756 25757 25837 
25837 25757 25758 25838 
25838 25758 25759 25839 
25839 25759 25760 25840 
25840 25760 25761 25841 
25841 25761 25762 25842 
25842 25762 25763 25843 
25843 25763 25764 25844 
25844 25764 25765 25845 
25845 25765 25766 25846 
25846 25766 25767 25847 
25847 25767 25768 25848 
25848 25768 25769 25849 
25849 25769 25770 25850 
25850 25770 25771 25851 
25851 25771 25772 25852 
25852 25772 25773 25853 
25853 25773 25774 25854 
25854 25774 25775 25855 
25855 25775 25776 25856 
25856 25776 25777 25857 
25857 25777 25778 25858 
25858 25778 25779 25859 
25859 25779 25780 25860 
25860 25780 25781 25861 
25861 25781 25782 25862 
25862 25782 25783 25863 
25863 25783 25784 25864 
25864 25784 25785 25865 
25865 25785 25786 25866 
25866 25786 25787 25867 
25867 25787 25788 25868 
25868 25788 25789 25869 
25869 25789 25790 25870 
25870 25790 25791 25871 
25871 25791 25792 25872 
25872 25792 25793 25873 
25873 25793 25794 25874 
25874 25794 25795 25875 
25875 25795 25796 25876 
25876 25796 25797 25877 
25877 25797 25798 25878 
25878 25798 25799 25879 
25879 25799 25800 25880 
25880 25800 25801 25881 
25881 25801 25802 25882 
25882 25802 25803 25883 
25883 25803 25804 25884 
25884 25804 25805 25885 
25885 25805 25806 25886 
25886 25806 25727 25807 
25887 25807 25808 25888 
25888 25808 25809 25889 
25889 25809 25810 25890 
25890 25810 25811 25891 
25891 25811 25812 25892 
25892 25812 25813 25893 
25893 25813 25814 25894 
25894 25814 25815 25895 
25895 25815 25816 25896 
25896 25816 25817 25897 
25897 25817 25818 25898 
25898 25818 25819 25899 
25899 25819 25820 25900 
25900 25820 25821 25901 
25901 25821 25822 25902 
25902 25822 25823 25903 
25903 25823 25824 25904 
25904 25824 25825 25905 
25905 25825 25826 25906 
25906 25826 25827 25907 
25907 25827 25828 25908 
25908 25828 25829 25909 
25909 25829 25830 25910 
25910 25830 25831 25911 
25911 25831 25832 25912 
25912 25832 25833 25913 
25913 25833 25834 25914 
25914 25834 25835 25915 
25915 25835 25836 25916 
25916 25836 25837 25917 
25917 25837 25838 25918 
25918 25838 25839 25919 
25919 25839 25840 25920 
25920 25840 25841 25921 
25921 25841 25842 25922 
25922 25842 25843 25923 
25923 25843 25844 25924 
25924 25844 25845 25925 
25925 25845 25846 25926 
25926 25846 25847 25927 
25927 25847 25848 25928 
25928 25848 25849 25929 
25929 25849 25850 25930 
25930 25850 25851 25931 
25931 25851 25852 25932 
25932 25852 25853 25933 
25933 25853 25854 25934 
25934 25854 25855 25935 
25935 25855 25856 25936 
25936 25856 25857 25937 
25937 25857 25858 25938 
25938 25858 25859 25939 
25939 25859 25860 25940 
25940 25860 25861 25941 
25941 25861 25862 25942 
25942 25862 25863 25943 
25943 25863 25864 25944 
25944 25864 25865 25945 
25945 25865 25866 25946 
25946 25866 25867 25947 
25947 25867 25868 25948 
25948 25868 25869 25949 
25949 25869 25870 25950 
25950 25870 25871 25951 
25951 25871 25872 25952 
25952 25872 25873 25953 
25953 25873 25874 25954 
25954 25874 25875 25955 
25955 25875 25876 25956 
25956 25876 25877 25957 
25957 25877 25878 25958 
25958 25878 25879 25959 
25959 25879 25880 25960 
25960 25880 25881 25961 
25961 25881 25882 25962 
25962 25882 25883 25963 
25963 25883 25884 25964 
25964 25884 25885 25965 
25965 25885 25886 25966 
25966 25886 25807 25887 
25967 25887 25888 25968 
25968 25888 25889 25969 
25969 25889 25890 25970 
25970 25890 25891 25971 
25971 25891 25892 25972 
25972 25892 25893 25973 
25973 25893 25894 25974 
25974 25894 25895 25975 
25975 25895 25896 25976 
25976 25896 25897 25977 
25977 25897 25898 25978 
25978 25898 25899 25979 
25979 25899 25900 25980 
25980 25900 25901 25981 
25981 25901 25902 25982 
25982 25902 25903 25983 
25983 25903 25904 25984 
25984 25904 25905 25985 
25985 25905 25906 25986 
25986 25906 25907 25987 
25987 25907 25908 25988 
25988 25908 25909 25989 
25989 25909 25910 25990 
25990 25910 25911 25991 
25991 25911 25912 25992 
25992 25912 25913 25993 
25993 25913 25914 25994 
25994 25914 25915 25995 
25995 25915 25916 25996 
25996 25916 25917 25997 
25997 25917 25918 25998 
25998 25918 25919 25999 
25999 25919 25920 26000 
26000 25920 25921 26001 
26001 25921 25922 26002 
26002 25922 25923 26003 
26003 25923 25924 26004 
26004 25924 25925 26005 
26005 25925 25926 26006 
26006 25926 25927 26007 
26007 25927 25928 26008 
26008 25928 25929 26009 
26009 25929 25930 26010 
26010 25930 25931 26011 
26011 25931 25932 26012 
26012 25932 25933 26013 
26013 25933 25934 26014 
26014 25934 25935 26015 
26015 25935 25936 26016 
26016 25936 25937 26017 
26017 25937 25938 26018 
26018 25938 25939 26019 
26019 25939 25940 26020 
26020 25940 25941 26021 
26021 25941 25942 26022 
26022 25942 25943 26023 
26023 25943 25944 26024 
26024 25944 25945 26025 
26025 25945 25946 26026 
26026 25946 25947 26027 
26027 25947 25948 26028 
26028 25948 25949 26029 
26029 25949 25950 26030 
26030 25950 25951 26031 
26031 25951 25952 26032 
26032 25952 25953 26033 
26033 25953 25954 26034 
26034 25954 25955 26035 
26035 25955 25956 26036 
26036 25956 25957 26037 
26037 25957 25958 26038 
26038 25958 25959 26039 
26039 25959 25960 26040 
26040 25960 25961 26041 
26041 25961 25962 26042 
26042 25962 25963 26043 
26043 25963 25964 26044 
26044 25964 25965 26045 
26045 25965 25966 26046 
26046 25966 25887 25967 
26047 25967 25968 26048 
26048 25968 25969 26049 
26049 25969 25970 26050 
26050 25970 25971 26051 
26051 25971 25972 26052 
26052 25972 25973 26053 
26053 25973 25974 26054 
26054 25974 25975 26055 
26055 25975 25976 26056 
26056 25976 25977 26057 
26057 25977 25978 26058 
26058 25978 25979 26059 
26059 25979 25980 26060 
26060 25980 25981 26061 
26061 25981 25982 26062 
26062 25982 25983 26063 
26063 25983 25984 26064 
26064 25984 25985 26065 
26065 25985 25986 26066 
26066 25986 25987 26067 
26067 25987 25988 26068 
26068 25988 25989 26069 
26069 25989 25990 26070 
26070 25990 25991 26071 
26071 25991 25992 26072 
26072 25992 25993 26073 
26073 25993 25994 26074 
26074 25994 25995 26075 
26075 25995 25996 26076 
26076 25996 25997 26077 
26077 25997 25998 26078 
26078 25998 25999 26079 
26079 25999 26000 26080 
26080 26000 26001 26081 
26081 26001 26002 26082 
26082 26002 26003 26083 
26083 26003 26004 26084 
26084 26004 26005 26085 
26085 26005 26006 26086 
26086 26006 26007 26087 
26087 26007 26008 26088 
26088 26008 26009 26089 
26089 26009 26010 26090 
26090 26010 26011 26091 
26091 26011 26012 26092 
26092 26012 26013 26093 
26093 26013 26014 26094 
26094 26014 26015 26095 
26095 26015 26016 26096 
26096 26016 26017 26097 
26097 26017 26018 26098 
26098 26018 26019 26099 
26099 26019 26020 26100 
26100 26020 26021 26101 
26101 26021 26022 26102 
26102 26022 26023 26103 
26103 26023 26024 26104 
26104 26024 26025 26105 
26105 26025 26026 26106 
26106 26026 26027 26107 
26107 26027 26028 26108 
26108 26028 26029 26109 
26109 26029 26030 26110 
26110 26030 26031 26111 
26111 26031 26032 26112 
26112 26032 26033 26113 
26113 26033 26034 26114 
26114 26034 26035 26115 
26115 26035 26036 26116 
26116 26036 26037 26117 
26117 26037 26038 26118 
26118 26038 26039 26119 
26119 26039 26040 26120 
26120 26040 26041 26121 
26121 26041 26042 26122 
26122 26042 26043 26123 
26123 26043 26044 26124 
26124 26044 26045 26125 
26125 26045 26046 26126 
26126 26046 25967 26047 
26127 26047 26048 26128 
26128 26048 26049 26129 
26129 26049 26050 26130 
26130 26050 26051 26131 
26131 26051 26052 26132 
26132 26052 26053 26133 
26133 26053 26054 26134 
26134 26054 26055 26135 
26135 26055 26056 26136 
26136 26056 26057 26137 
26137 26057 26058 26138 
26138 26058 26059 26139 
26139 26059 26060 26140 
26140 26060 26061 26141 
26141 26061 26062 26142 
26142 26062 26063 26143 
26143 26063 26064 26144 
26144 26064 26065 26145 
26145 26065 26066 26146 
26146 26066 26067 26147 
26147 26067 26068 26148 
26148 26068 26069 26149 
26149 26069 26070 26150 
26150 26070 26071 26151 
26151 26071 26072 26152 
26152 26072 26073 26153 
26153 26073 26074 26154 
26154 26074 26075 26155 
26155 26075 26076 26156 
26156 26076 26077 26157 
26157 26077 26078 26158 
26158 26078 26079 26159 
26159 26079 26080 26160 
26160 26080 26081 26161 
26161 26081 26082 26162 
26162 26082 26083 26163 
26163 26083 26084 26164 
26164 26084 26085 26165 
26165 26085 26086 26166 
26166 26086 26087 26167 
26167 26087 26088 26168 
26168 26088 26089 26169 
26169 26089 26090 26170 
26170 26090 26091 26171 
26171 26091 26092 26172 
26172 26092 26093 26173 
26173 26093 26094 26174 
26174 26094 26095 26175 
26175 26095 26096 26176 
26176 26096 26097 26177 
26177 26097 26098 26178 
26178 26098 26099 26179 
26179 26099 26100 26180 
26180 26100 26101 26181 
26181 26101 26102 26182 
26182 26102 26103 26183 
26183 26103 26104 26184 
26184 26104 26105 26185 
26185 26105 26106 26186 
26186 26106 26107 26187 
26187 26107 26108 26188 
26188 26108 26109 26189 
26189 26109 26110 26190 
26190 26110 26111 26191 
26191 26111 26112 26192 
26192 26112 26113 26193 
26193 26113 26114 26194 
26194 26114 26115 26195 
26195 26115 26116 26196 
26196 26116 26117 26197 
26197 26117 26118 26198 
26198 26118 26119 26199 
26199 26119 26120 26200 
26200 26120 26121 26201 
26201 26121 26122 26202 
26202 26122 26123 26203 
26203 26123 26124 26204 
26204 26124 26125 26205 
26205 26125 26126 26206 
26206 26126 26047 26127 
26207 26127 26128 26208 
26208 26128 26129 26209 
26209 26129 26130 26210 
26210 26130 26131 26211 
26211 26131 26132 26212 
26212 26132 26133 26213 
26213 26133 26134 26214 
26214 26134 26135 26215 
26215 26135 26136 26216 
26216 26136 26137 26217 
26217 26137 26138 26218 
26218 26138 26139 26219 
26219 26139 26140 26220 
26220 26140 26141 26221 
26221 26141 26142 26222 
26222 26142 26143 26223 
26223 26143 26144 26224 
26224 26144 26145 26225 
26225 26145 26146 26226 
26226 26146 26147 26227 
26227 26147 26148 26228 
26228 26148 26149 26229 
26229 26149 26150 26230 
26230 26150 26151 26231 
26231 26151 26152 26232 
26232 26152 26153 26233 
26233 26153 26154 26234 
26234 26154 26155 26235 
26235 26155 26156 26236 
26236 26156 26157 26237 
26237 26157 26158 26238 
26238 26158 26159 26239 
26239 26159 26160 26240 
26240 26160 26161 26241 
26241 26161 26162 26242 
26242 26162 26163 26243 
26243 26163 26164 26244 
26244 26164 26165 26245 
26245 26165 26166 26246 
26246 26166 26167 26247 
26247 26167 26168 26248 
26248 26168 26169 26249 
26249 26169 26170 26250 
26250 26170 26171 26251 
26251 26171 26172 26252 
26252 26172 26173 26253 
26253 26173 26174 26254 
26254 26174 26175 26255 
26255 26175 26176 26256 
26256 26176 26177 26257 
26257 26177 26178 26258 
26258 26178 26179 26259 
26259 26179 26180 26260 
26260 26180 26181 26261 
26261 26181 26182 26262 
26262 26182 26183 26263 
26263 26183 26184 26264 
26264 26184 26185 26265 
26265 26185 26186 26266 
26266 26186 26187 26267 
26267 26187 26188 26268 
26268 26188 26189 26269 
26269 26189 26190 26270 
26270 26190 26191 26271 
26271 26191 26192 26272 
26272 26192 26193 26273 
26273 26193 26194 26274 
26274 26194 26195 26275 
26275 26195 26196 26276 
26276 26196 26197 26277 
26277 26197 26198 26278 
26278 26198 26199 26279 
26279 26199 26200 26280 
26280 26200 26201 26281 
26281 26201 26202 26282 
26282 26202 26203 26283 
26283 26203 26204 26284 
26284 26204 26205 26285 
26285 26205 26206 26286 
26286 26206 26127 26207 
26287 26207 26208 26288 
26288 26208 26209 26289 
26289 26209 26210 26290 
26290 26210 26211 26291 
26291 26211 26212 26292 
26292 26212 26213 26293 
26293 26213 26214 26294 
26294 26214 26215 26295 
26295 26215 26216 26296 
26296 26216 26217 26297 
26297 26217 26218 26298 
26298 26218 26219 26299 
26299 26219 26220 26300 
26300 26220 26221 26301 
26301 26221 26222 26302 
26302 26222 26223 26303 
26303 26223 26224 26304 
26304 26224 26225 26305 
26305 26225 26226 26306 
26306 26226 26227 26307 
26307 26227 26228 26308 
26308 26228 26229 26309 
26309 26229 26230 26310 
26310 26230 26231 26311 
26311 26231 26232 26312 
26312 26232 26233 26313 
26313 26233 26234 26314 
26314 26234 26235 26315 
26315 26235 26236 26316 
26316 26236 26237 26317 
26317 26237 26238 26318 
26318 26238 26239 26319 
26319 26239 26240 26320 
26320 26240 26241 26321 
26321 26241 26242 26322 
26322 26242 26243 26323 
26323 26243 26244 26324 
26324 26244 26245 26325 
26325 26245 26246 26326 
26326 26246 26247 26327 
26327 26247 26248 26328 
26328 26248 26249 26329 
26329 26249 26250 26330 
26330 26250 26251 26331 
26331 26251 26252 26332 
26332 26252 26253 26333 
26333 26253 26254 26334 
26334 26254 26255 26335 
26335 26255 26256 26336 
26336 26256 26257 26337 
26337 26257 26258 26338 
26338 26258 26259 26339 
26339 26259 26260 26340 
26340 26260 26261 26341 
26341 26261 26262 26342 
26342 26262 26263 26343 
26343 26263 26264 26344 
26344 26264 26265 26345 
26345 26265 26266 26346 
26346 26266 26267 26347 
26347 26267 26268 26348 
26348 26268 26269 26349 
26349 26269 26270 26350 
26350 26270 26271 26351 
26351 26271 26272 26352 
26352 26272 26273 26353 
26353 26273 26274 26354 
26354 26274 26275 26355 
26355 26275 26276 26356 
26356 26276 26277 26357 
26357 26277 26278 26358 
26358 26278 26279 26359 
26359 26279 26280 26360 
26360 26280 26281 26361 
26361 26281 26282 26362 
26362 26282 26283 26363 
26363 26283 26284 26364 
26364 26284 26285 26365 
26365 26285 26286 26366 
26366 26286 26207 26287 
26367 26287 26288 26368 
26368 26288 26289 26369 
26369 26289 26290 26370 
26370 26290 26291 26371 
26371 26291 26292 26372 
26372 26292 26293 26373 
26373 26293 26294 26374 
26374 26294 26295 26375 
26375 26295 26296 26376 
26376 26296 26297 26377 
26377 26297 26298 26378 
26378 26298 26299 26379 
26379 26299 26300 26380 
26380 26300 26301 26381 
26381 26301 26302 26382 
26382 26302 26303 26383 
26383 26303 26304 26384 
26384 26304 26305 26385 
26385 26305 26306 26386 
26386 26306 26307 26387 
26387 26307 26308 26388 
26388 26308 26309 26389 
26389 26309 26310 26390 
26390 26310 26311 26391 
26391 26311 26312 26392 
26392 26312 26313 26393 
26393 26313 26314 26394 
26394 26314 26315 26395 
26395 26315 26316 26396 
26396 26316 26317 26397 
26397 26317 26318 26398 
26398 26318 26319 26399 
26399 26319 26320 26400 
26400 26320 26321 26401 
26401 26321 26322 26402 
26402 26322 26323 26403 
26403 26323 26324 26404 
26404 26324 26325 26405 
26405 26325 26326 26406 
26406 26326 26327 26407 
26407 26327 26328 26408 
26408 26328 26329 26409 
26409 26329 26330 26410 
26410 26330 26331 26411 
26411 26331 26332 26412 
26412 26332 26333 26413 
26413 26333 26334 26414 
26414 26334 26335 26415 
26415 26335 26336 26416 
26416 26336 26337 26417 
26417 26337 26338 26418 
26418 26338 26339 26419 
26419 26339 26340 26420 
26420 26340 26341 26421 
26421 26341 26342 26422 
26422 26342 26343 26423 
26423 26343 26344 26424 
26424 26344 26345 26425 
26425 26345 26346 26426 
26426 26346 26347 26427 
26427 26347 26348 26428 
26428 26348 26349 26429 
26429 26349 26350 26430 
26430 26350 26351 26431 
26431 26351 26352 26432 
26432 26352 26353 26433 
26433 26353 26354 26434 
26434 26354 26355 26435 
26435 26355 26356 26436 
26436 26356 26357 26437 
26437 26357 26358 26438 
26438 26358 26359 26439 
26439 26359 26360 26440 
26440 26360 26361 26441 
26441 26361 26362 26442 
26442 26362 26363 26443 
26443 26363 26364 26444 
26444 26364 26365 26445 
26445 26365 26366 26446 
26446 26366 26287 26367 
26447 26367 26368 26448 
26448 26368 26369 26449 
26449 26369 26370 26450 
26450 26370 26371 26451 
26451 26371 26372 26452 
26452 26372 26373 26453 
26453 26373 26374 26454 
26454 26374 26375 26455 
26455 26375 26376 26456 
26456 26376 26377 26457 
26457 26377 26378 26458 
26458 26378 26379 26459 
26459 26379 26380 26460 
26460 26380 26381 26461 
26461 26381 26382 26462 
26462 26382 26383 26463 
26463 26383 26384 26464 
26464 26384 26385 26465 
26465 26385 26386 26466 
26466 26386 26387 26467 
26467 26387 26388 26468 
26468 26388 26389 26469 
26469 26389 26390 26470 
26470 26390 26391 26471 
26471 26391 26392 26472 
26472 26392 26393 26473 
26473 26393 26394 26474 
26474 26394 26395 26475 
26475 26395 26396 26476 
26476 26396 26397 26477 
26477 26397 26398 26478 
26478 26398 26399 26479 
26479 26399 26400 26480 
26480 26400 26401 26481 
26481 26401 26402 26482 
26482 26402 26403 26483 
26483 26403 26404 26484 
26484 26404 26405 26485 
26485 26405 26406 26486 
26486 26406 26407 26487 
26487 26407 26408 26488 
26488 26408 26409 26489 
26489 26409 26410 26490 
26490 26410 26411 26491 
26491 26411 26412 26492 
26492 26412 26413 26493 
26493 26413 26414 26494 
26494 26414 26415 26495 
26495 26415 26416 26496 
26496 26416 26417 26497 
26497 26417 26418 26498 
26498 26418 26419 26499 
26499 26419 26420 26500 
26500 26420 26421 26501 
26501 26421 26422 26502 
26502 26422 26423 26503 
26503 26423 26424 26504 
26504 26424 26425 26505 
26505 26425 26426 26506 
26506 26426 26427 26507 
26507 26427 26428 26508 
26508 26428 26429 26509 
26509 26429 26430 26510 
26510 26430 26431 26511 
26511 26431 26432 26512 
26512 26432 26433 26513 
26513 26433 26434 26514 
26514 26434 26435 26515 
26515 26435 26436 26516 
26516 26436 26437 26517 
26517 26437 26438 26518 
26518 26438 26439 26519 
26519 26439 26440 26520 
26520 26440 26441 26521 
26521 26441 26442 26522 
26522 26442 26443 26523 
26523 26443 26444 26524 
26524 26444 26445 26525 
26525 26445 26446 26526 
26526 26446 26367 26447 
26527 26447 26448 26528 
26528 26448 26449 26529 
26529 26449 26450 26530 
26530 26450 26451 26531 
26531 26451 26452 26532 
26532 26452 26453 26533 
26533 26453 26454 26534 
26534 26454 26455 26535 
26535 26455 26456 26536 
26536 26456 26457 26537 
26537 26457 26458 26538 
26538 26458 26459 26539 
26539 26459 26460 26540 
26540 26460 26461 26541 
26541 26461 26462 26542 
26542 26462 26463 26543 
26543 26463 26464 26544 
26544 26464 26465 26545 
26545 26465 26466 26546 
26546 26466 26467 26547 
26547 26467 26468 26548 
26548 26468 26469 26549 
26549 26469 26470 26550 
26550 26470 26471 26551 
26551 26471 26472 26552 
26552 26472 26473 26553 
26553 26473 26474 26554 
26554 26474 26475 26555 
26555 26475 26476 26556 
26556 26476 26477 26557 
26557 26477 26478 26558 
26558 26478 26479 26559 
26559 26479 26480 26560 
26560 26480 26481 26561 
26561 26481 26482 26562 
26562 26482 26483 26563 
26563 26483 26484 26564 
26564 26484 26485 26565 
26565 26485 26486 26566 
26566 26486 26487 26567 
26567 26487 26488 26568 
26568 26488 26489 26569 
26569 26489 26490 26570 
26570 26490 26491 26571 
26571 26491 26492 26572 
26572 26492 26493 26573 
26573 26493 26494 26574 
26574 26494 26495 26575 
26575 26495 26496 26576 
26576 26496 26497 26577 
26577 26497 26498 26578 
26578 26498 26499 26579 
26579 26499 26500 26580 
26580 26500 26501 26581 
26581 26501 26502 26582 
26582 26502 26503 26583 
26583 26503 26504 26584 
26584 26504 26505 26585 
26585 26505 26506 26586 
26586 26506 26507 26587 
26587 26507 26508 26588 
26588 26508 26509 26589 
26589 26509 26510 26590 
26590 26510 26511 26591 
26591 26511 26512 26592 
26592 26512 26513 26593 
26593 26513 26514 26594 
26594 26514 26515 26595 
26595 26515 26516 26596 
26596 26516 26517 26597 
26597 26517 26518 26598 
26598 26518 26519 26599 
26599 26519 26520 26600 
26600 26520 26521 26601 
26601 26521 26522 26602 
26602 26522 26523 26603 
26603 26523 26524 26604 
26604 26524 26525 26605 
26605 26525 26526 26606 
26606 26526 26447 26527 
26607 26527 26528 26608 
26608 26528 26529 26609 
26609 26529 26530 26610 
26610 26530 26531 26611 
26611 26531 26532 26612 
26612 26532 26533 26613 
26613 26533 26534 26614 
26614 26534 26535 26615 
26615 26535 26536 26616 
26616 26536 26537 26617 
26617 26537 26538 26618 
26618 26538 26539 26619 
26619 26539 26540 26620 
26620 26540 26541 26621 
26621 26541 26542 26622 
26622 26542 26543 26623 
26623 26543 26544 26624 
26624 26544 26545 26625 
26625 26545 26546 26626 
26626 26546 26547 26627 
26627 26547 26548 26628 
26628 26548 26549 26629 
26629 26549 26550 26630 
26630 26550 26551 26631 
26631 26551 26552 26632 
26632 26552 26553 26633 
26633 26553 26554 26634 
26634 26554 26555 26635 
26635 26555 26556 26636 
26636 26556 26557 26637 
26637 26557 26558 26638 
26638 26558 26559 26639 
26639 26559 26560 26640 
26640 26560 26561 26641 
26641 26561 26562 26642 
26642 26562 26563 26643 
26643 26563 26564 26644 
26644 26564 26565 26645 
26645 26565 26566 26646 
26646 26566 26567 26647 
26647 26567 26568 26648 
26648 26568 26569 26649 
26649 26569 26570 26650 
26650 26570 26571 26651 
26651 26571 26572 26652 
26652 26572 26573 26653 
26653 26573 26574 26654 
26654 26574 26575 26655 
26655 26575 26576 26656 
26656 26576 26577 26657 
26657 26577 26578 26658 
26658 26578 26579 26659 
26659 26579 26580 26660 
26660 26580 26581 26661 
26661 26581 26582 26662 
26662 26582 26583 26663 
26663 26583 26584 26664 
26664 26584 26585 26665 
26665 26585 26586 26666 
26666 26586 26587 26667 
26667 26587 26588 26668 
26668 26588 26589 26669 
26669 26589 26590 26670 
26670 26590 26591 26671 
26671 26591 26592 26672 
26672 26592 26593 26673 
26673 26593 26594 26674 
26674 26594 26595 26675 
26675 26595 26596 26676 
26676 26596 26597 26677 
26677 26597 26598 26678 
26678 26598 26599 26679 
26679 26599 26600 26680 
26680 26600 26601 26681 
26681 26601 26602 26682 
26682 26602 26603 26683 
26683 26603 26604 26684 
26684 26604 26605 26685 
26685 26605 26606 26686 
26686 26606 26527 26607 
26687 26607 26608 26688 
26688 26608 26609 26689 
26689 26609 26610 26690 
26690 26610 26611 26691 
26691 26611 26612 26692 
26692 26612 26613 26693 
26693 26613 26614 26694 
26694 26614 26615 26695 
26695 26615 26616 26696 
26696 26616 26617 26697 
26697 26617 26618 26698 
26698 26618 26619 26699 
26699 26619 26620 26700 
26700 26620 26621 26701 
26701 26621 26622 26702 
26702 26622 26623 26703 
26703 26623 26624 26704 
26704 26624 26625 26705 
26705 26625 26626 26706 
26706 26626 26627 26707 
26707 26627 26628 26708 
26708 26628 26629 26709 
26709 26629 26630 26710 
26710 26630 26631 26711 
26711 26631 26632 26712 
26712 26632 26633 26713 
26713 26633 26634 26714 
26714 26634 26635 26715 
26715 26635 26636 26716 
26716 26636 26637 26717 
26717 26637 26638 26718 
26718 26638 26639 26719 
26719 26639 26640 26720 
26720 26640 26641 26721 
26721 26641 26642 26722 
26722 26642 26643 26723 
26723 26643 26644 26724 
26724 26644 26645 26725 
26725 26645 26646 26726 
26726 26646 26647 26727 
26727 26647 26648 26728 
26728 26648 26649 26729 
26729 26649 26650 26730 
26730 26650 26651 26731 
26731 26651 26652 26732 
26732 26652 26653 26733 
26733 26653 26654 26734 
26734 26654 26655 26735 
26735 26655 26656 26736 
26736 26656 26657 26737 
26737 26657 26658 26738 
26738 26658 26659 26739 
26739 26659 26660 26740 
26740 26660 26661 26741 
26741 26661 26662 26742 
26742 26662 26663 26743 
26743 26663 26664 26744 
26744 26664 26665 26745 
26745 26665 26666 26746 
26746 26666 26667 26747 
26747 26667 26668 26748 
26748 26668 26669 26749 
26749 26669 26670 26750 
26750 26670 26671 26751 
26751 26671 26672 26752 
26752 26672 26673 26753 
26753 26673 26674 26754 
26754 26674 26675 26755 
26755 26675 26676 26756 
26756 26676 26677 26757 
26757 26677 26678 26758 
26758 26678 26679 26759 
26759 26679 26680 26760 
26760 26680 26681 26761 
26761 26681 26682 26762 
26762 26682 26683 26763 
26763 26683 26684 26764 
26764 26684 26685 26765 
26765 26685 26686 26766 
26766 26686 26607 26687 
26767 26687 26688 26768 
26768 26688 26689 26769 
26769 26689 26690 26770 
26770 26690 26691 26771 
26771 26691 26692 26772 
26772 26692 26693 26773 
26773 26693 26694 26774 
26774 26694 26695 26775 
26775 26695 26696 26776 
26776 26696 26697 26777 
26777 26697 26698 26778 
26778 26698 26699 26779 
26779 26699 26700 26780 
26780 26700 26701 26781 
26781 26701 26702 26782 
26782 26702 26703 26783 
26783 26703 26704 26784 
26784 26704 26705 26785 
26785 26705 26706 26786 
26786 26706 26707 26787 
26787 26707 26708 26788 
26788 26708 26709 26789 
26789 26709 26710 26790 
26790 26710 26711 26791 
26791 26711 26712 26792 
26792 26712 26713 26793 
26793 26713 26714 26794 
26794 26714 26715 26795 
26795 26715 26716 26796 
26796 26716 26717 26797 
26797 26717 26718 26798 
26798 26718 26719 26799 
26799 26719 26720 26800 
26800 26720 26721 26801 
26801 26721 26722 26802 
26802 26722 26723 26803 
26803 26723 26724 26804 
26804 26724 26725 26805 
26805 26725 26726 26806 
26806 26726 26727 26807 
26807 26727 26728 26808 
26808 26728 26729 26809 
26809 26729 26730 26810 
26810 26730 26731 26811 
26811 26731 26732 26812 
26812 26732 26733 26813 
26813 26733 26734 26814 
26814 26734 26735 26815 
26815 26735 26736 26816 
26816 26736 26737 26817 
26817 26737 26738 26818 
26818 26738 26739 26819 
26819 26739 26740 26820 
26820 26740 26741 26821 
26821 26741 26742 26822 
26822 26742 26743 26823 
26823 26743 26744 26824 
26824 26744 26745 26825 
26825 26745 26746 26826 
26826 26746 26747 26827 
26827 26747 26748 26828 
26828 26748 26749 26829 
26829 26749 26750 26830 
26830 26750 26751 26831 
26831 26751 26752 26832 
26832 26752 26753 26833 
26833 26753 26754 26834 
26834 26754 26755 26835 
26835 26755 26756 26836 
26836 26756 26757 26837 
26837 26757 26758 26838 
26838 26758 26759 26839 
26839 26759 26760 26840 
26840 26760 26761 26841 
26841 26761 26762 26842 
26842 26762 26763 26843 
26843 26763 26764 26844 
26844 26764 26765 26845 
26845 26765 26766 26846 
26846 26766 26687 26767 
26847 26767 26768 26848 
26848 26768 26769 26849 
26849 26769 26770 26850 
26850 26770 26771 26851 
26851 26771 26772 26852 
26852 26772 26773 26853 
26853 26773 26774 26854 
26854 26774 26775 26855 
26855 26775 26776 26856 
26856 26776 26777 26857 
26857 26777 26778 26858 
26858 26778 26779 26859 
26859 26779 26780 26860 
26860 26780 26781 26861 
26861 26781 26782 26862 
26862 26782 26783 26863 
26863 26783 26784 26864 
26864 26784 26785 26865 
26865 26785 26786 26866 
26866 26786 26787 26867 
26867 26787 26788 26868 
26868 26788 26789 26869 
26869 26789 26790 26870 
26870 26790 26791 26871 
26871 26791 26792 26872 
26872 26792 26793 26873 
26873 26793 26794 26874 
26874 26794 26795 26875 
26875 26795 26796 26876 
26876 26796 26797 26877 
26877 26797 26798 26878 
26878 26798 26799 26879 
26879 26799 26800 26880 
26880 26800 26801 26881 
26881 26801 26802 26882 
26882 26802 26803 26883 
26883 26803 26804 26884 
26884 26804 26805 26885 
26885 26805 26806 26886 
26886 26806 26807 26887 
26887 26807 26808 26888 
26888 26808 26809 26889 
26889 26809 26810 26890 
26890 26810 26811 26891 
26891 26811 26812 26892 
26892 26812 26813 26893 
26893 26813 26814 26894 
26894 26814 26815 26895 
26895 26815 26816 26896 
26896 26816 26817 26897 
26897 26817 26818 26898 
26898 26818 26819 26899 
26899 26819 26820 26900 
26900 26820 26821 26901 
26901 26821 26822 26902 
26902 26822 26823 26903 
26903 26823 26824 26904 
26904 26824 26825 26905 
26905 26825 26826 26906 
26906 26826 26827 26907 
26907 26827 26828 26908 
26908 26828 26829 26909 
26909 26829 26830 26910 
26910 26830 26831 26911 
26911 26831 26832 26912 
26912 26832 26833 26913 
26913 26833 26834 26914 
26914 26834 26835 26915 
26915 26835 26836 26916 
26916 26836 26837 26917 
26917 26837 26838 26918 
26918 26838 26839 26919 
26919 26839 26840 26920 
26920 26840 26841 26921 
26921 26841 26842 26922 
26922 26842 26843 26923 
26923 26843 26844 26924 
26924 26844 26845 26925 
26925 26845 26846 26926 
26926 26846 26767 26847 
26927 26847 26848 26928 
26928 26848 26849 26929 
26929 26849 26850 26930 
26930 26850 26851 26931 
26931 26851 26852 26932 
26932 26852 26853 26933 
26933 26853 26854 26934 
26934 26854 26855 26935 
26935 26855 26856 26936 
26936 26856 26857 26937 
26937 26857 26858 26938 
26938 26858 26859 26939 
26939 26859 26860 26940 
26940 26860 26861 26941 
26941 26861 26862 26942 
26942 26862 26863 26943 
26943 26863 26864 26944 
26944 26864 26865 26945 
26945 26865 26866 26946 
26946 26866 26867 26947 
26947 26867 26868 26948 
26948 26868 26869 26949 
26949 26869 26870 26950 
26950 26870 26871 26951 
26951 26871 26872 26952 
26952 26872 26873 26953 
26953 26873 26874 26954 
26954 26874 26875 26955 
26955 26875 26876 26956 
26956 26876 26877 26957 
26957 26877 26878 26958 
26958 26878 26879 26959 
26959 26879 26880 26960 
26960 26880 26881 26961 
26961 26881 26882 26962 
26962 26882 26883 26963 
26963 26883 26884 26964 
26964 26884 26885 26965 
26965 26885 26886 26966 
26966 26886 26887 26967 
26967 26887 26888 26968 
26968 26888 26889 26969 
26969 26889 26890 26970 
26970 26890 26891 26971 
26971 26891 26892 26972 
26972 26892 26893 26973 
26973 26893 26894 26974 
26974 26894 26895 26975 
26975 26895 26896 26976 
26976 26896 26897 26977 
26977 26897 26898 26978 
26978 26898 26899 26979 
26979 26899 26900 26980 
26980 26900 26901 26981 
26981 26901 26902 26982 
26982 26902 26903 26983 
26983 26903 26904 26984 
26984 26904 26905 26985 
26985 26905 26906 26986 
26986 26906 26907 26987 
26987 26907 26908 26988 
26988 26908 26909 26989 
26989 26909 26910 26990 
26990 26910 26911 26991 
26991 26911 26912 26992 
26992 26912 26913 26993 
26993 26913 26914 26994 
26994 26914 26915 26995 
26995 26915 26916 26996 
26996 26916 26917 26997 
26997 26917 26918 26998 
26998 26918 26919 26999 
26999 26919 26920 27000 
27000 26920 26921 27001 
27001 26921 26922 27002 
27002 26922 26923 27003 
27003 26923 26924 27004 
27004 26924 26925 27005 
27005 26925 26926 27006 
27006 26926 26847 26927 
27007 26927 26928 27008 
27008 26928 26929 27009 
27009 26929 26930 27010 
27010 26930 26931 27011 
27011 26931 26932 27012 
27012 26932 26933 27013 
27013 26933 26934 27014 
27014 26934 26935 27015 
27015 26935 26936 27016 
27016 26936 26937 27017 
27017 26937 26938 27018 
27018 26938 26939 27019 
27019 26939 26940 27020 
27020 26940 26941 27021 
27021 26941 26942 27022 
27022 26942 26943 27023 
27023 26943 26944 27024 
27024 26944 26945 27025 
27025 26945 26946 27026 
27026 26946 26947 27027 
27027 26947 26948 27028 
27028 26948 26949 27029 
27029 26949 26950 27030 
27030 26950 26951 27031 
27031 26951 26952 27032 
27032 26952 26953 27033 
27033 26953 26954 27034 
27034 26954 26955 27035 
27035 26955 26956 27036 
27036 26956 26957 27037 
27037 26957 26958 27038 
27038 26958 26959 27039 
27039 26959 26960 27040 
27040 26960 26961 27041 
27041 26961 26962 27042 
27042 26962 26963 27043 
27043 26963 26964 27044 
27044 26964 26965 27045 
27045 26965 26966 27046 
27046 26966 26967 27047 
27047 26967 26968 27048 
27048 26968 26969 27049 
27049 26969 26970 27050 
27050 26970 26971 27051 
27051 26971 26972 27052 
27052 26972 26973 27053 
27053 26973 26974 27054 
27054 26974 26975 27055 
27055 26975 26976 27056 
27056 26976 26977 27057 
27057 26977 26978 27058 
27058 26978 26979 27059 
27059 26979 26980 27060 
27060 26980 26981 27061 
27061 26981 26982 27062 
27062 26982 26983 27063 
27063 26983 26984 27064 
27064 26984 26985 27065 
27065 26985 26986 27066 
27066 26986 26987 27067 
27067 26987 26988 27068 
27068 26988 26989 27069 
27069 26989 26990 27070 
27070 26990 26991 27071 
27071 26991 26992 27072 
27072 26992 26993 27073 
27073 26993 26994 27074 
27074 26994 26995 27075 
27075 26995 26996 27076 
27076 26996 26997 27077 
27077 26997 26998 27078 
27078 26998 26999 27079 
27079 26999 27000 27080 
27080 27000 27001 27081 
27081 27001 27002 27082 
27082 27002 27003 27083 
27083 27003 27004 27084 
27084 27004 27005 27085 
27085 27005 27006 27086 
27086 27006 26927 27007 
27087 27007 27008 27088 
27088 27008 27009 27089 
27089 27009 27010 27090 
27090 27010 27011 27091 
27091 27011 27012 27092 
27092 27012 27013 27093 
27093 27013 27014 27094 
27094 27014 27015 27095 
27095 27015 27016 27096 
27096 27016 27017 27097 
27097 27017 27018 27098 
27098 27018 27019 27099 
27099 27019 27020 27100 
27100 27020 27021 27101 
27101 27021 27022 27102 
27102 27022 27023 27103 
27103 27023 27024 27104 
27104 27024 27025 27105 
27105 27025 27026 27106 
27106 27026 27027 27107 
27107 27027 27028 27108 
27108 27028 27029 27109 
27109 27029 27030 27110 
27110 27030 27031 27111 
27111 27031 27032 27112 
27112 27032 27033 27113 
27113 27033 27034 27114 
27114 27034 27035 27115 
27115 27035 27036 27116 
27116 27036 27037 27117 
27117 27037 27038 27118 
27118 27038 27039 27119 
27119 27039 27040 27120 
27120 27040 27041 27121 
27121 27041 27042 27122 
27122 27042 27043 27123 
27123 27043 27044 27124 
27124 27044 27045 27125 
27125 27045 27046 27126 
27126 27046 27047 27127 
27127 27047 27048 27128 
27128 27048 27049 27129 
27129 27049 27050 27130 
27130 27050 27051 27131 
27131 27051 27052 27132 
27132 27052 27053 27133 
27133 27053 27054 27134 
27134 27054 27055 27135 
27135 27055 27056 27136 
27136 27056 27057 27137 
27137 27057 27058 27138 
27138 27058 27059 27139 
27139 27059 27060 27140 
27140 27060 27061 27141 
27141 27061 27062 27142 
27142 27062 27063 27143 
27143 27063 27064 27144 
27144 27064 27065 27145 
27145 27065 27066 27146 
27146 27066 27067 27147 
27147 27067 27068 27148 
27148 27068 27069 27149 
27149 27069 27070 27150 
27150 27070 27071 27151 
27151 27071 27072 27152 
27152 27072 27073 27153 
27153 27073 27074 27154 
27154 27074 27075 27155 
27155 27075 27076 27156 
27156 27076 27077 27157 
27157 27077 27078 27158 
27158 27078 27079 27159 
27159 27079 27080 27160 
27160 27080 27081 27161 
27161 27081 27082 27162 
27162 27082 27083 27163 
27163 27083 27084 27164 
27164 27084 27085 27165 
27165 27085 27086 27166 
27166 27086 27007 27087 
27167 27087 27088 27168 
27168 27088 27089 27169 
27169 27089 27090 27170 
27170 27090 27091 27171 
27171 27091 27092 27172 
27172 27092 27093 27173 
27173 27093 27094 27174 
27174 27094 27095 27175 
27175 27095 27096 27176 
27176 27096 27097 27177 
27177 27097 27098 27178 
27178 27098 27099 27179 
27179 27099 27100 27180 
27180 27100 27101 27181 
27181 27101 27102 27182 
27182 27102 27103 27183 
27183 27103 27104 27184 
27184 27104 27105 27185 
27185 27105 27106 27186 
27186 27106 27107 27187 
27187 27107 27108 27188 
27188 27108 27109 27189 
27189 27109 27110 27190 
27190 27110 27111 27191 
27191 27111 27112 27192 
27192 27112 27113 27193 
27193 27113 27114 27194 
27194 27114 27115 27195 
27195 27115 27116 27196 
27196 27116 27117 27197 
27197 27117 27118 27198 
27198 27118 27119 27199 
27199 27119 27120 27200 
27200 27120 27121 27201 
27201 27121 27122 27202 
27202 27122 27123 27203 
27203 27123 27124 27204 
27204 27124 27125 27205 
27205 27125 27126 27206 
27206 27126 27127 27207 
27207 27127 27128 27208 
27208 27128 27129 27209 
27209 27129 27130 27210 
27210 27130 27131 27211 
27211 27131 27132 27212 
27212 27132 27133 27213 
27213 27133 27134 27214 
27214 27134 27135 27215 
27215 27135 27136 27216 
27216 27136 27137 27217 
27217 27137 27138 27218 
27218 27138 27139 27219 
27219 27139 27140 27220 
27220 27140 27141 27221 
27221 27141 27142 27222 
27222 27142 27143 27223 
27223 27143 27144 27224 
27224 27144 27145 27225 
27225 27145 27146 27226 
27226 27146 27147 27227 
27227 27147 27148 27228 
27228 27148 27149 27229 
27229 27149 27150 27230 
27230 27150 27151 27231 
27231 27151 27152 27232 
27232 27152 27153 27233 
27233 27153 27154 27234 
27234 27154 27155 27235 
27235 27155 27156 27236 
27236 27156 27157 27237 
27237 27157 27158 27238 
27238 27158 27159 27239 
27239 27159 27160 27240 
27240 27160 27161 27241 
27241 27161 27162 27242 
27242 27162 27163 27243 
27243 27163 27164 27244 
27244 27164 27165 27245 
27245 27165 27166 27246 
27246 27166 27087 27167 
27247 27167 27168 27248 
27248 27168 27169 27249 
27249 27169 27170 27250 
27250 27170 27171 27251 
27251 27171 27172 27252 
27252 27172 27173 27253 
27253 27173 27174 27254 
27254 27174 27175 27255 
27255 27175 27176 27256 
27256 27176 27177 27257 
27257 27177 27178 27258 
27258 27178 27179 27259 
27259 27179 27180 27260 
27260 27180 27181 27261 
27261 27181 27182 27262 
27262 27182 27183 27263 
27263 27183 27184 27264 
27264 27184 27185 27265 
27265 27185 27186 27266 
27266 27186 27187 27267 
27267 27187 27188 27268 
27268 27188 27189 27269 
27269 27189 27190 27270 
27270 27190 27191 27271 
27271 27191 27192 27272 
27272 27192 27193 27273 
27273 27193 27194 27274 
27274 27194 27195 27275 
27275 27195 27196 27276 
27276 27196 27197 27277 
27277 27197 27198 27278 
27278 27198 27199 27279 
27279 27199 27200 27280 
27280 27200 27201 27281 
27281 27201 27202 27282 
27282 27202 27203 27283 
27283 27203 27204 27284 
27284 27204 27205 27285 
27285 27205 27206 27286 
27286 27206 27207 27287 
27287 27207 27208 27288 
27288 27208 27209 27289 
27289 27209 27210 27290 
27290 27210 27211 27291 
27291 27211 27212 27292 
27292 27212 27213 27293 
27293 27213 27214 27294 
27294 27214 27215 27295 
27295 27215 27216 27296 
27296 27216 27217 27297 
27297 27217 27218 27298 
27298 27218 27219 27299 
27299 27219 27220 27300 
27300 27220 27221 27301 
27301 27221 27222 27302 
27302 27222 27223 27303 
27303 27223 27224 27304 
27304 27224 27225 27305 
27305 27225 27226 27306 
27306 27226 27227 27307 
27307 27227 27228 27308 
27308 27228 27229 27309 
27309 27229 27230 27310 
27310 27230 27231 27311 
27311 27231 27232 27312 
27312 27232 27233 27313 
27313 27233 27234 27314 
27314 27234 27235 27315 
27315 27235 27236 27316 
27316 27236 27237 27317 
27317 27237 27238 27318 
27318 27238 27239 27319 
27319 27239 27240 27320 
27320 27240 27241 27321 
27321 27241 27242 27322 
27322 27242 27243 27323 
27323 27243 27244 27324 
27324 27244 27245 27325 
27325 27245 27246 27326 
27326 27246 27167 27247 
27327 27247 27248 27328 
27328 27248 27249 27329 
27329 27249 27250 27330 
27330 27250 27251 27331 
27331 27251 27252 27332 
27332 27252 27253 27333 
27333 27253 27254 27334 
27334 27254 27255 27335 
27335 27255 27256 27336 
27336 27256 27257 27337 
27337 27257 27258 27338 
27338 27258 27259 27339 
27339 27259 27260 27340 
27340 27260 27261 27341 
27341 27261 27262 27342 
27342 27262 27263 27343 
27343 27263 27264 27344 
27344 27264 27265 27345 
27345 27265 27266 27346 
27346 27266 27267 27347 
27347 27267 27268 27348 
27348 27268 27269 27349 
27349 27269 27270 27350 
27350 27270 27271 27351 
27351 27271 27272 27352 
27352 27272 27273 27353 
27353 27273 27274 27354 
27354 27274 27275 27355 
27355 27275 27276 27356 
27356 27276 27277 27357 
27357 27277 27278 27358 
27358 27278 27279 27359 
27359 27279 27280 27360 
27360 27280 27281 27361 
27361 27281 27282 27362 
27362 27282 27283 27363 
27363 27283 27284 27364 
27364 27284 27285 27365 
27365 27285 27286 27366 
27366 27286 27287 27367 
27367 27287 27288 27368 
27368 27288 27289 27369 
27369 27289 27290 27370 
27370 27290 27291 27371 
27371 27291 27292 27372 
27372 27292 27293 27373 
27373 27293 27294 27374 
27374 27294 27295 27375 
27375 27295 27296 27376 
27376 27296 27297 27377 
27377 27297 27298 27378 
27378 27298 27299 27379 
27379 27299 27300 27380 
27380 27300 27301 27381 
27381 27301 27302 27382 
27382 27302 27303 27383 
27383 27303 27304 27384 
27384 27304 27305 27385 
27385 27305 27306 27386 
27386 27306 27307 27387 
27387 27307 27308 27388 
27388 27308 27309 27389 
27389 27309 27310 27390 
27390 27310 27311 27391 
27391 27311 27312 27392 
27392 27312 27313 27393 
27393 27313 27314 27394 
27394 27314 27315 27395 
27395 27315 27316 27396 
27396 27316 27317 27397 
27397 27317 27318 27398 
27398 27318 27319 27399 
27399 27319 27320 27400 
27400 27320 27321 27401 
27401 27321 27322 27402 
27402 27322 27323 27403 
27403 27323 27324 27404 
27404 27324 27325 27405 
27405 27325 27326 27406 
27406 27326 27247 27327 
27407 27327 27328 27408 
27408 27328 27329 27409 
27409 27329 27330 27410 
27410 27330 27331 27411 
27411 27331 27332 27412 
27412 27332 27333 27413 
27413 27333 27334 27414 
27414 27334 27335 27415 
27415 27335 27336 27416 
27416 27336 27337 27417 
27417 27337 27338 27418 
27418 27338 27339 27419 
27419 27339 27340 27420 
27420 27340 27341 27421 
27421 27341 27342 27422 
27422 27342 27343 27423 
27423 27343 27344 27424 
27424 27344 27345 27425 
27425 27345 27346 27426 
27426 27346 27347 27427 
27427 27347 27348 27428 
27428 27348 27349 27429 
27429 27349 27350 27430 
27430 27350 27351 27431 
27431 27351 27352 27432 
27432 27352 27353 27433 
27433 27353 27354 27434 
27434 27354 27355 27435 
27435 27355 27356 27436 
27436 27356 27357 27437 
27437 27357 27358 27438 
27438 27358 27359 27439 
27439 27359 27360 27440 
27440 27360 27361 27441 
27441 27361 27362 27442 
27442 27362 27363 27443 
27443 27363 27364 27444 
27444 27364 27365 27445 
27445 27365 27366 27446 
27446 27366 27367 27447 
27447 27367 27368 27448 
27448 27368 27369 27449 
27449 27369 27370 27450 
27450 27370 27371 27451 
27451 27371 27372 27452 
27452 27372 27373 27453 
27453 27373 27374 27454 
27454 27374 27375 27455 
27455 27375 27376 27456 
27456 27376 27377 27457 
27457 27377 27378 27458 
27458 27378 27379 27459 
27459 27379 27380 27460 
27460 27380 27381 27461 
27461 27381 27382 27462 
27462 27382 27383 27463 
27463 27383 27384 27464 
27464 27384 27385 27465 
27465 27385 27386 27466 
27466 27386 27387 27467 
27467 27387 27388 27468 
27468 27388 27389 27469 
27469 27389 27390 27470 
27470 27390 27391 27471 
27471 27391 27392 27472 
27472 27392 27393 27473 
27473 27393 27394 27474 
27474 27394 27395 27475 
27475 27395 27396 27476 
27476 27396 27397 27477 
27477 27397 27398 27478 
27478 27398 27399 27479 
27479 27399 27400 27480 
27480 27400 27401 27481 
27481 27401 27402 27482 
27482 27402 27403 27483 
27483 27403 27404 27484 
27484 27404 27405 27485 
27485 27405 27406 27486 
27486 27406 27327 27407 
27487 27407 27408 27488 
27488 27408 27409 27489 
27489 27409 27410 27490 
27490 27410 27411 27491 
27491 27411 27412 27492 
27492 27412 27413 27493 
27493 27413 27414 27494 
27494 27414 27415 27495 
27495 27415 27416 27496 
27496 27416 27417 27497 
27497 27417 27418 27498 
27498 27418 27419 27499 
27499 27419 27420 27500 
27500 27420 27421 27501 
27501 27421 27422 27502 
27502 27422 27423 27503 
27503 27423 27424 27504 
27504 27424 27425 27505 
27505 27425 27426 27506 
27506 27426 27427 27507 
27507 27427 27428 27508 
27508 27428 27429 27509 
27509 27429 27430 27510 
27510 27430 27431 27511 
27511 27431 27432 27512 
27512 27432 27433 27513 
27513 27433 27434 27514 
27514 27434 27435 27515 
27515 27435 27436 27516 
27516 27436 27437 27517 
27517 27437 27438 27518 
27518 27438 27439 27519 
27519 27439 27440 27520 
27520 27440 27441 27521 
27521 27441 27442 27522 
27522 27442 27443 27523 
27523 27443 27444 27524 
27524 27444 27445 27525 
27525 27445 27446 27526 
27526 27446 27447 27527 
27527 27447 27448 27528 
27528 27448 27449 27529 
27529 27449 27450 27530 
27530 27450 27451 27531 
27531 27451 27452 27532 
27532 27452 27453 27533 
27533 27453 27454 27534 
27534 27454 27455 27535 
27535 27455 27456 27536 
27536 27456 27457 27537 
27537 27457 27458 27538 
27538 27458 27459 27539 
27539 27459 27460 27540 
27540 27460 27461 27541 
27541 27461 27462 27542 
27542 27462 27463 27543 
27543 27463 27464 27544 
27544 27464 27465 27545 
27545 27465 27466 27546 
27546 27466 27467 27547 
27547 27467 27468 27548 
27548 27468 27469 27549 
27549 27469 27470 27550 
27550 27470 27471 27551 
27551 27471 27472 27552 
27552 27472 27473 27553 
27553 27473 27474 27554 
27554 27474 27475 27555 
27555 27475 27476 27556 
27556 27476 27477 27557 
27557 27477 27478 27558 
27558 27478 27479 27559 
27559 27479 27480 27560 
27560 27480 27481 27561 
27561 27481 27482 27562 
27562 27482 27483 27563 
27563 27483 27484 27564 
27564 27484 27485 27565 
27565 27485 27486 27566 
27566 27486 27407 27487 
27567 27487 27488 27568 
27568 27488 27489 27569 
27569 27489 27490 27570 
27570 27490 27491 27571 
27571 27491 27492 27572 
27572 27492 27493 27573 
27573 27493 27494 27574 
27574 27494 27495 27575 
27575 27495 27496 27576 
27576 27496 27497 27577 
27577 27497 27498 27578 
27578 27498 27499 27579 
27579 27499 27500 27580 
27580 27500 27501 27581 
27581 27501 27502 27582 
27582 27502 27503 27583 
27583 27503 27504 27584 
27584 27504 27505 27585 
27585 27505 27506 27586 
27586 27506 27507 27587 
27587 27507 27508 27588 
27588 27508 27509 27589 
27589 27509 27510 27590 
27590 27510 27511 27591 
27591 27511 27512 27592 
27592 27512 27513 27593 
27593 27513 27514 27594 
27594 27514 27515 27595 
27595 27515 27516 27596 
27596 27516 27517 27597 
27597 27517 27518 27598 
27598 27518 27519 27599 
27599 27519 27520 27600 
27600 27520 27521 27601 
27601 27521 27522 27602 
27602 27522 27523 27603 
27603 27523 27524 27604 
27604 27524 27525 27605 
27605 27525 27526 27606 
27606 27526 27527 27607 
27607 27527 27528 27608 
27608 27528 27529 27609 
27609 27529 27530 27610 
27610 27530 27531 27611 
27611 27531 27532 27612 
27612 27532 27533 27613 
27613 27533 27534 27614 
27614 27534 27535 27615 
27615 27535 27536 27616 
27616 27536 27537 27617 
27617 27537 27538 27618 
27618 27538 27539 27619 
27619 27539 27540 27620 
27620 27540 27541 27621 
27621 27541 27542 27622 
27622 27542 27543 27623 
27623 27543 27544 27624 
27624 27544 27545 27625 
27625 27545 27546 27626 
27626 27546 27547 27627 
27627 27547 27548 27628 
27628 27548 27549 27629 
27629 27549 27550 27630 
27630 27550 27551 27631 
27631 27551 27552 27632 
27632 27552 27553 27633 
27633 27553 27554 27634 
27634 27554 27555 27635 
27635 27555 27556 27636 
27636 27556 27557 27637 
27637 27557 27558 27638 
27638 27558 27559 27639 
27639 27559 27560 27640 
27640 27560 27561 27641 
27641 27561 27562 27642 
27642 27562 27563 27643 
27643 27563 27564 27644 
27644 27564 27565 27645 
27645 27565 27566 27646 
27646 27566 27487 27567 
27647 27567 27568 27648 
27648 27568 27569 27649 
27649 27569 27570 27650 
27650 27570 27571 27651 
27651 27571 27572 27652 
27652 27572 27573 27653 
27653 27573 27574 27654 
27654 27574 27575 27655 
27655 27575 27576 27656 
27656 27576 27577 27657 
27657 27577 27578 27658 
27658 27578 27579 27659 
27659 27579 27580 27660 
27660 27580 27581 27661 
27661 27581 27582 27662 
27662 27582 27583 27663 
27663 27583 27584 27664 
27664 27584 27585 27665 
27665 27585 27586 27666 
27666 27586 27587 27667 
27667 27587 27588 27668 
27668 27588 27589 27669 
27669 27589 27590 27670 
27670 27590 27591 27671 
27671 27591 27592 27672 
27672 27592 27593 27673 
27673 27593 27594 27674 
27674 27594 27595 27675 
27675 27595 27596 27676 
27676 27596 27597 27677 
27677 27597 27598 27678 
27678 27598 27599 27679 
27679 27599 27600 27680 
27680 27600 27601 27681 
27681 27601 27602 27682 
27682 27602 27603 27683 
27683 27603 27604 27684 
27684 27604 27605 27685 
27685 27605 27606 27686 
27686 27606 27607 27687 
27687 27607 27608 27688 
27688 27608 27609 27689 
27689 27609 27610 27690 
27690 27610 27611 27691 
27691 27611 27612 27692 
27692 27612 27613 27693 
27693 27613 27614 27694 
27694 27614 27615 27695 
27695 27615 27616 27696 
27696 27616 27617 27697 
27697 27617 27618 27698 
27698 27618 27619 27699 
27699 27619 27620 27700 
27700 27620 27621 27701 
27701 27621 27622 27702 
27702 27622 27623 27703 
27703 27623 27624 27704 
27704 27624 27625 27705 
27705 27625 27626 27706 
27706 27626 27627 27707 
27707 27627 27628 27708 
27708 27628 27629 27709 
27709 27629 27630 27710 
27710 27630 27631 27711 
27711 27631 27632 27712 
27712 27632 27633 27713 
27713 27633 27634 27714 
27714 27634 27635 27715 
27715 27635 27636 27716 
27716 27636 27637 27717 
27717 27637 27638 27718 
27718 27638 27639 27719 
27719 27639 27640 27720 
27720 27640 27641 27721 
27721 27641 27642 27722 
27722 27642 27643 27723 
27723 27643 27644 27724 
27724 27644 27645 27725 
27725 27645 27646 27726 
27726 27646 27567 27647 
