0 1 4 3 9 10 13 12 
1 2 5 4 10 11 14 13 
3 4 7 6 12 13 16 15 
4 5 8 7 13 14 17 16 
9 10 13 12 18 19 22 21 
10 11 14 13 19 20 23 22 
12 13 16 15 21 22 25 24 
13 14 17 16 22 23 26 25 
18 19 22 21 27 28 31 30 
19 20 23 22 28 29 32 31 
21 22 25 24 30 31 34 33 
22 23 26 25 31 32 35 34 
27 28 31 30 36 37 40 39 
28 29 32 31 37 38 41 40 
30 31 34 33 39 40 43 42 
31 32 35 34 40 41 44 43 
36 37 40 39 45 46 49 48 
37 38 41 40 46 47 50 49 
39 40 43 42 48 49 52 51 
40 41 44 43 49 50 53 52 
45 46 49 48 54 55 58 57 
46 47 50 49 55 56 59 58 
48 49 52 51 57 58 61 60 
49 50 53 52 58 59 62 61 
54 55 58 57 63 64 67 66 
55 56 59 58 64 65 68 67 
57 58 61 60 66 67 70 69 
58 59 62 61 67 68 71 70 
63 64 67 66 72 73 76 75 
64 65 68 67 73 74 77 76 
66 67 70 69 75 76 79 78 
67 68 71 70 76 77 80 79 
72 73 76 75 81 82 85 84 
73 74 77 76 82 83 86 85 
75 76 79 78 84 85 88 87 
76 77 80 79 85 86 89 88 
81 82 85 84 90 91 94 93 
82 83 86 85 91 92 95 94 
84 85 88 87 93 94 97 96 
85 86 89 88 94 95 98 97 
90 91 94 93 99 100 103 102 
91 92 95 94 100 101 104 103 
93 94 97 96 102 103 106 105 
94 95 98 97 103 104 107 106 
99 100 103 102 108 109 112 111 
100 101 104 103 109 110 113 112 
102 103 106 105 111 112 115 114 
103 104 107 106 112 113 116 115 
108 109 112 111 117 118 121 120 
109 110 113 112 118 119 122 121 
111 112 115 114 120 121 124 123 
112 113 116 115 121 122 125 124 
117 118 121 120 126 127 130 129 
118 119 122 121 127 128 131 130 
120 121 124 123 129 130 133 132 
121 122 125 124 130 131 134 133 
126 127 130 129 135 136 139 138 
127 128 131 130 136 137 140 139 
129 130 133 132 138 139 142 141 
130 131 134 133 139 140 143 142 
135 136 139 138 144 145 148 147 
136 137 140 139 145 146 149 148 
138 139 142 141 147 148 151 150 
139 140 143 142 148 149 152 151 
144 145 148 147 153 154 157 156 
145 146 149 148 154 155 158 157 
147 148 151 150 156 157 160 159 
148 149 152 151 157 158 161 160 
153 154 157 156 162 163 166 165 
154 155 158 157 163 164 167 166 
156 157 160 159 165 166 169 168 
157 158 161 160 166 167 170 169 
162 163 166 165 171 172 175 174 
163 164 167 166 172 173 176 175 
165 166 169 168 174 175 178 177 
166 167 170 169 175 176 179 178 
171 172 175 174 180 181 184 183 
172 173 176 175 181 182 185 184 
174 175 178 177 183 184 187 186 
175 176 179 178 184 185 188 187 
